80
66 40 25 -10 -14 73 49 27 30 34 14 74 82 -7 76 90 9 -25 53 71 55 -17 50 4 47 21 42 85 86 77 -11 12 68 69 -8 7 84 3 38 18 11 -1 36 99 41 -15 19 0 56 32 -3 -24 -19 -20 48 -2 98 67 83 -4 29 75 31 -18 2 79 46 59 60 -13 64 1 88 91 17 13 35 45 100 94 -21
62 23 80 6 -15 39 99 44 89 59 86 75 -11 33 -21 4 -2 43 27 -22 74 67 -24 15 12 35 1 90 31 64 0 91 87 97 92 -4 10 -10 18 5 16 14 -1 42 84 8 2 20 85 94 21 56 -16 71 65 11 55 -13 68 -19 7 69 76 25 73 37 82 29 53 -14 47 -12 36 57 60 -9 66 72 48 46 77
24 78 45 57 50 67 31 14 96 87 66 42 92 0 79 -21 81 71 97 64 35 -3 27 -24 25 76 73 88 70 -8 74 -5 -22 54 93 53 16 59 3 -18 -1 20 10 49 -9 85 4 7 30 55 8 23 -25 82 39 80 77 62 21 48 47 98 15 94 -17 -20 -4 -6 32 5 -7 -12 -13 51 75 -10 22 13 43 1 -11
13 99 15 64 34 46 43 98 86 -13 -7 90 73 -14 83 87 -17 -12 100 -6 16 56 47 77 54 81 75 89 3 7 18 29 68 84 55 65 0 95 11 78 26 58 39 -24 82 21 -5 -4 6 94 -19 17 -8 30 71 -20 45 -3 10 2 -16 91 42 76 25 -1 -15 32 40 4 49 63 66 -21 92 97 93 -10 -11 -18 72
30 63 55 31 -25 73 13 62 24 95 14 93 20 27 82 2 -9 64 81 66 29 -5 72 8 61 80 40 -6 21 67 -20 99 70 49 22 7 37 42 36 75 17 -15 46 19 94 87 5 -2 23 57 -7 -1 90 -14 -13 9 51 58 -22 -18 -11 45 68 4 35 -3 100 1 79 6 26 38 96 84 78 47 60 69 -12 85 15
22 80 47 67 21 18 48 3 42 87 -25 86 17 -1 -21 26 57 30 16 -12 98 6 90 56 44 77 79 -23 37 41 -3 9 60 5 -18 91 76 66 74 14 85 19 25 69 4 15 11 7 96 -10 64 -2 -19 23 -4 83 10 99 -13 29 8 36 13 100 65 49 -15 28 72 88 -20 -14 -24 40 43 24 1 54 53 46 82
50 78 57 -6 11 76 70 37 98 5 61 96 27 -14 42 -20 80 56 4 54 52 36 77 -7 46 43 79 14 15 40 67 25 19 51 60 21 16 1 12 47 -12 84 94 2 32 58 85 -22 23 39 -10 82 30 90 0 26 -13 74 7 91 -1 22 89 100 53 93 -5 -3 -19 87 86 -17 49 48 72 44 24 73 81 45 -23
65 39 -3 95 87 -11 20 -17 66 -21 77 7 71 15 -5 -24 -1 61 31 72 52 -2 -22 32 41 -12 11 84 70 21 35 24 -14 45 58 46 42 22 -8 30 17 3 98 68 88 -15 90 53 10 81 85 -19 9 14 100 16 18 13 57 56 60 83 44 26 43 0 69 23 64 63 74 8 80 5 93 -13 82 99 40 49 86
99 9 0 38 23 56 34 83 51 -20 52 100 53 64 -18 79 55 60 31 -12 18 4 -11 89 50 -10 -4 -15 -23 72 21 92 91 -16 94 6 8 15 29 68 16 10 71 -6 49 -13 36 -5 30 90 2 -25 -14 58 7 80 19 -2 -24 74 13 11 -1 73 37 39 45 67 22 28 48 -7 46 85 -8 95 93 40 98 17 -22
71 95 86 68 29 -9 57 53 48 20 43 0 81 25 28 85 -5 2 62 49 16 1 73 63 91 -10 -25 -14 -23 35 27 80 17 94 89 26 100 33 60 61 8 19 78 9 64 -2 59 -20 90 -18 36 23 52 92 -13 32 75 50 -22 3 67 13 -24 10 -4 69 4 -12 51 46 14 76 -7 54 21 5 18 -15 40 88 15
70 78 76 10 40 34 81 17 57 31 35 -18 18 7 73 85 61 62 43 12 42 51 32 65 -11 -2 -21 55 41 46 95 29 94 82 89 -12 66 -24 30 -23 1 69 -9 37 77 33 2 22 8 64 47 48 16 23 88 -14 87 38 6 -4 96 25 74 28 97 67 63 -8 83 90 59 92 45 -1 26 39 9 98 93 86 52
7 88 100 -5 66 83 38 47 62 21 90 -13 81 32 -24 82 50 -9 76 73 -11 89 79 93 97 5 98 31 -3 65 99 -20 -6 -19 30 53 -15 20 94 52 35 2 72 78 -4 18 36 0 -17 -18 54 22 10 27 15 74 44 41 25 61 23 40 24 28 -16 3 64 80 6 85 9 17 -7 87 11 -2 1 -1 70 91 57
85 -13 61 72 51 47 42 -8 1 49 16 52 28 91 44 22 43 5 92 68 9 -5 -22 86 18 -24 37 87 0 -6 12 40 32 3 57 58 64 -3 -14 13 35 2 55 46 -9 95 21 39 -7 -23 11 78 -12 -20 90 20 53 -17 77 76 82 84 7 50 60 83 73 93 79 30 -18 -21 17 48 67 27 80 65 94 69 96
12 63 20 30 -13 46 71 34 72 4 33 43 28 86 -20 -1 80 -24 3 -2 97 85 99 -25 13 -6 -23 48 35 95 2 74 79 62 37 77 100 47 -19 83 92 7 23 27 88 -8 96 5 93 18 55 78 15 -15 9 53 38 50 1 61 8 87 -17 -14 26 6 67 76 64 75 65 94 -4 68 44 32 81 -12 42 11 69
-8 39 15 97 26 73 22 100 57 4 -10 69 90 71 0 -19 80 -13 78 -17 81 62 44 -1 85 24 60 25 6 11 31 94 -16 58 -2 55 99 9 93 -15 37 -12 -3 48 68 16 51 5 10 40 36 45 -25 46 92 49 -18 27 19 63 64 41 34 75 84 76 -23 79 72 12 33 -9 32 86 42 50 -20 82 -6 -21 43
94 75 67 76 17 22 82 62 19 -23 84 7 95 14 60 77 -21 10 11 31 16 88 53 20 98 51 52 69 87 39 -7 61 -24 3 92 -14 0 25 6 -16 81 33 21 26 50 64 54 5 -8 38 2 42 -20 71 12 97 -11 -17 34 78 -5 -1 57 27 49 15 -13 -22 93 8 28 24 86 63 59 32 30 91 89 65 18
-5 5 51 -25 56 -18 65 70 71 12 -16 40 27 84 75 -1 -7 16 35 19 81 92 26 34 77 60 -12 74 30 57 17 76 48 4 -8 13 67 90 -23 0 94 32 21 93 -17 73 2 86 23 58 -11 83 97 87 -22 -3 6 20 98 42 36 39 -9 -14 91 10 78 22 8 99 -4 96 25 85 69 45 47 89 79 80 29
25 82 18 63 99 100 64 78 -8 76 42 29 9 65 67 79 26 94 -18 2 60 -22 44 -6 -4 71 14 52 -19 -12 -2 40 57 36 35 12 19 -24 -7 32 15 55 61 59 39 97 4 46 88 -17 47 70 98 89 10 66 48 11 -9 0 80 -20 54 34 3 -21 83 69 33 27 86 -10 43 77 87 -13 23 -11 91 84 73
20 92 84 14 96 91 69 -18 90 48 -14 11 -13 26 12 18 -21 19 36 43 79 22 45 62 63 78 21 -7 32 86 -10 9 25 33 -2 -9 58 2 85 35 42 -4 1 81 80 75 39 10 73 61 -25 98 88 -22 24 -5 66 -8 13 59 64 -3 49 71 97 56 17 37 46 34 -16 50 44 65 100 83 16 47 27 7 40
-10 5 -19 43 28 14 55 73 -21 7 35 66 54 84 82 98 85 -6 -15 100 50 -2 2 -4 -18 25 40 17 42 24 22 36 8 9 63 -22 46 -13 75 -23 -5 97 48 3 83 65 1 62 53 58 -14 -25 89 44 90 49 69 -17 78 71 34 29 -16 33 61 56 45 57 10 77 87 88 30 70 31 96 79 51 4 52 23
0 90 69 54 26 -12 5 99 52 -11 89 40 -4 16 14 25 100 -18 33 -23 95 61 27 6 11 -13 82 70 -14 20 56 -17 79 91 36 13 42 98 44 22 28 55 50 -1 -9 1 -25 -24 -6 68 43 32 72 9 45 31 -19 88 41 10 67 -7 46 76 29 81 75 66 24 51 65 30 35 73 -22 63 -20 93 59 87 64
17 -25 8 29 5 44 83 66 9 -17 -16 89 50 -6 84 87 10 59 16 27 55 68 80 64 79 19 -3 -8 33 85 12 -15 28 95 43 71 88 78 -5 49 14 -23 20 45 69 53 81 30 92 -2 38 1 67 36 15 21 2 -14 41 91 65 34 56 -24 -21 3 74 82 -12 70 100 57 35 97 46 96 7 -4 -13 62 77
53 33 72 -25 59 99 83 64 14 7 50 65 78 1 49 -11 44 -3 96 -23 46 55 -15 0 26 61 89 97 -24 85 81 -7 -8 30 17 91 -14 66 32 24 -1 58 16 36 29 95 4 67 52 6 8 77 43 35 75 70 -9 23 -22 92 20 -6 -18 -4 60 82 -19 22 98 19 37 41 48 13 -2 47 69 2 38 51 12
45 14 13 -8 28 -25 -2 87 97 -4 20 34 91 90 -15 66 46 96 23 12 8 42 50 16 1 93 -10 5 59 63 -14 -13 52 0 58 26 75 92 49 73 94 76 61 48 54 4 33 79 31 25 82 -7 -5 29 32 40 77 98 30 36 41 -21 2 18 69 47 100 68 -23 6 64 39 71 67 3 -11 72 65 -18 24 81
15 50 62 22 5 29 8 -20 74 55 40 90 72 -1 3 99 47 39 4 60 -23 31 14 49 61 85 -5 26 86 83 48 65 28 82 9 88 13 -9 100 77 54 41 -13 27 95 -18 33 -7 36 89 59 -22 -25 44 98 19 -14 -21 24 10 52 -12 80 70 -4 87 56 73 -3 96 67 45 75 -6 46 84 -2 64 2 57 63
15 23 27 -13 -21 -19 74 75 72 22 60 -22 55 -3 45 -14 -10 66 -12 -8 93 71 99 64 35 7 12 38 63 79 28 21 20 95 39 4 19 25 3 18 59 -9 91 83 58 -24 11 53 5 17 14 62 70 90 67 52 10 40 100 49 -7 -25 -20 24 87 37 82 86 16 44 -6 57 98 -5 61 36 33 8 88 26 1
13 -3 93 85 0 32 91 5 16 -13 12 54 -1 84 18 -15 44 14 50 38 4 68 -22 11 -10 76 78 42 33 36 40 97 17 3 81 28 6 87 56 -9 99 62 9 71 75 80 53 -16 2 67 79 -25 70 24 83 58 86 25 60 90 26 48 74 51 65 47 -4 -23 19 30 73 -24 45 -5 55 94 66 -17 72 49 77
38 76 61 35 71 -1 -12 -5 37 -23 67 91 -20 23 36 93 -16 39 -11 75 66 7 42 -14 80 24 51 60 14 90 31 21 59 20 25 52 55 -18 56 98 4 -25 -6 74 53 99 100 69 11 1 33 46 41 -9 -13 -2 81 26 73 77 44 86 17 -7 18 50 -8 87 34 79 27 78 57 97 10 89 28 5 8 84 -17
-6 -15 35 57 52 87 64 73 -18 18 71 90 17 86 -8 8 -10 98 -9 91 80 70 31 -17 63 9 30 82 14 40 15 92 -13 39 96 36 77 22 -7 68 85 89 34 -11 59 2 24 -24 60 93 83 81 62 95 76 78 1 16 69 11 -19 -4 20 56 10 46 99 -22 61 41 50 6 -14 48 0 27 -3 74 19 3 47
26 -8 43 -24 81 30 45 54 2 -19 77 89 41 -6 53 46 -15 64 95 -17 7 1 34 10 28 87 -9 60 61 42 13 3 68 17 20 -25 73 27 85 48 38 8 -1 -11 91 100 -5 86 80 6 -20 4 14 63 12 -21 90 -4 57 97 67 -10 51 24 92 66 65 33 31 25 23 39 49 35 58 15 18 -2 52 83 93
46 7 48 34 -15 69 29 83 61 -25 -5 49 18 38 95 -24 26 81 -13 96 5 89 -20 25 27 71 31 1 70 14 11 55 13 87 17 52 76 97 -6 42 9 -16 19 94 30 45 -3 28 -23 10 78 68 51 -7 77 88 22 59 24 16 44 62 66 86 -14 100 93 23 75 65 35 -11 72 91 -10 90 -18 -8 -21 60 57
46 -13 66 23 33 47 -4 17 -12 32 4 -24 -10 7 48 42 51 21 44 83 81 -5 18 71 -21 94 -14 67 100 77 -16 -6 64 -8 -18 16 -1 70 -20 54 89 55 2 28 84 -23 -11 -19 11 74 87 90 73 20 39 53 75 26 9 88 85 29 31 -15 12 63 56 13 14 15 30 3 49 -17 93 97 50 34 8 40 69
-4 -19 3 87 -23 -15 42 8 41 71 -12 81 7 51 82 20 13 4 2 77 17 92 19 -22 52 40 86 11 45 84 47 15 22 54 64 67 58 33 -1 70 -9 56 1 12 10 88 60 27 43 30 -10 57 -20 -25 85 44 59 21 80 37 -3 -2 61 48 23 96 -21 65 94 26 66 -11 -17 -16 50 29 28 78 49 99 -7
92 64 50 85 10 -25 46 54 24 28 -2 -13 51 20 86 61 99 82 -5 13 35 94 -1 74 52 57 33 -8 75 62 66 -12 68 96 87 6 -11 81 0 -20 3 38 19 -14 37 44 9 26 98 91 56 -21 63 88 -19 43 97 16 29 76 60 5 -24 -3 39 21 11 71 31 41 80 40 -16 25 27 -7 22 95 14 45 1
79 40 56 -13 95 67 75 44 -8 35 11 2 19 28 27 55 22 -14 14 74 25 66 71 70 84 92 45 78 69 -6 33 57 38 73 15 63 7 100 -15 -17 89 47 -23 64 9 24 -21 59 -7 41 62 96 39 82 58 72 4 93 42 54 -1 52 23 48 49 53 85 -2 65 86 1 91 -19 -25 76 -22 81 51 18 30 -24
-12 -21 79 19 14 1 59 87 63 74 78 98 -13 -19 -25 17 89 66 8 -1 52 25 -10 44 43 45 64 10 -9 20 -7 22 12 27 62 28 21 60 -8 -16 23 69 68 11 30 86 57 29 97 88 -23 2 33 4 70 15 96 93 95 -11 9 36 -6 -14 -22 53 80 84 -2 26 -4 -3 3 38 -20 35 90 47 13 75 55
30 41 76 -10 56 57 83 -23 14 37 31 33 23 71 98 13 -13 97 32 67 -6 -7 -19 27 55 5 59 19 -1 -17 74 26 48 42 34 45 96 72 40 -24 0 43 68 52 21 79 17 49 -11 70 15 65 90 -14 88 -16 -12 58 77 -2 25 47 75 69 11 16 28 -4 66 39 44 18 95 -25 85 86 38 94 2 61 22
62 0 10 51 49 46 26 -17 95 -23 -6 19 73 72 7 -22 71 33 70 87 61 63 53 29 13 -21 67 28 59 60 83 -12 -10 82 66 80 93 39 9 44 64 47 99 58 21 6 43 -5 -24 94 50 1 24 17 75 11 -15 57 23 14 27 34 54 91 77 -13 -25 38 55 98 -1 20 69 97 12 89 5 90 48 15 88
70 -23 3 39 17 -19 54 -16 85 75 34 93 53 73 22 41 -22 2 77 33 -11 94 14 19 74 83 25 43 -1 98 -17 23 37 91 59 -10 4 49 26 100 48 57 52 28 47 5 12 90 92 -21 -25 46 20 32 1 60 87 66 68 -5 76 8 9 6 -6 61 -4 42 79 96 40 35 31 36 63 51 -2 78 10 67 11
25 -17 4 -9 94 65 12 89 -21 73 62 49 88 3 -16 93 -10 74 87 64 67 90 0 31 -23 63 96 36 -1 19 16 35 60 92 51 43 61 -7 8 26 18 44 68 46 13 -4 27 84 22 9 34 7 1 -6 2 57 66 59 42 48 47 -3 58 -19 56 41 50 80 20 40 70 -14 81 33 24 -2 69 -25 17 100 29
-12 20 43 69 16 -1 60 77 22 98 51 -9 78 29 83 -16 12 17 95 81 -10 70 -6 -14 26 -13 64 68 46 -3 9 1 -20 32 65 63 5 10 3 84 31 23 50 2 90 -25 30 7 100 82 75 47 44 91 76 89 85 -11 96 28 38 52 11 25 86 74 -15 58 88 49 97 87 0 21 72 55 45 94 48 99 -5
-8 60 -4 58 13 99 46 21 -22 -25 87 35 71 34 15 64 54 20 80 44 30 67 59 88 -14 75 12 45 25 50 9 -10 69 66 -2 4 98 63 3 -13 26 10 62 -9 28 89 94 68 42 5 -1 57 56 86 78 96 65 27 -17 18 85 48 -16 31 19 100 97 32 49 6 51 -18 -19 17 92 -6 73 74 -5 52 14
74 10 36 82 38 92 42 64 33 -22 44 53 6 2 14 57 41 -25 18 -2 -17 7 24 79 58 39 75 65 -18 47 25 30 31 -12 -8 55 96 69 40 -11 86 21 -5 12 3 51 -21 78 88 80 23 68 -1 27 16 1 -20 99 50 11 26 54 -13 15 87 49 73 -7 56 13 32 84 48 60 -15 77 9 8 66 61 4
29 -5 83 71 89 38 36 67 78 -10 84 -3 14 -6 42 53 73 72 99 82 34 30 86 76 15 -20 65 17 -4 6 2 69 -2 20 47 49 58 12 60 97 75 24 32 4 -12 5 39 -7 -16 41 31 -15 40 -23 25 13 81 62 10 95 52 85 27 43 -25 68 45 3 -21 59 87 -8 -9 44 100 61 -13 -11 -18 18 70
-11 91 19 94 84 -13 89 -14 38 18 63 40 9 -25 -2 14 43 4 13 -20 36 61 57 -8 83 16 1 17 96 25 20 29 72 -5 64 35 95 85 49 -15 26 79 68 6 51 32 10 -10 7 66 12 90 -6 21 3 -24 -21 -16 92 77 39 44 -4 33 52 55 42 76 87 71 97 2 54 31 0 45 -3 11 80 -23 56
16 -2 44 33 99 26 96 -9 37 -13 31 95 28 39 75 91 -10 77 -7 32 47 5 2 83 21 17 62 24 -12 11 0 55 40 9 8 65 60 29 -3 74 67 63 20 38 -17 98 23 78 -20 -23 93 25 56 85 71 6 86 73 100 87 57 12 22 88 68 79 -21 -6 18 -19 72 41 46 14 13 90 -4 54 81 -25 15
14 100 87 52 63 81 -16 -5 32 -21 -25 11 13 86 78 12 99 41 17 -6 42 43 48 83 65 29 59 10 93 79 -20 76 31 -3 64 45 94 71 23 -9 50 33 89 44 -23 6 58 91 36 -11 95 24 28 -15 92 0 74 70 8 25 -4 49 77 34 4 38 18 1 62 -18 15 60 -24 -1 73 21 82 75 -22 7 61
97 51 37 40 99 -21 54 66 20 59 65 49 22 57 32 -25 19 67 27 92 53 39 75 -15 61 76 7 43 33 41 100 45 -18 9 15 47 18 68 69 -13 63 52 4 -11 62 90 10 12 28 13 -24 -3 0 48 64 -1 96 -16 14 -20 -17 70 -22 74 3 98 88 44 11 77 87 16 60 -23 -14 -12 50 56 35 72 -19
4 -3 96 45 27 29 74 19 51 -16 32 -2 12 87 70 97 77 82 60 -8 -4 25 39 46 42 47 -9 41 64 -23 34 13 -7 -12 78 43 2 99 81 -13 88 54 90 -17 84 23 36 65 80 -21 75 37 67 68 -18 10 89 53 92 -22 86 57 94 20 11 58 -15 -20 28 69 5 62 93 40 66 98 30 26 7 15 -1
36 24 -25 75 19 -20 40 82 70 21 8 79 27 62 -1 47 26 95 92 23 46 67 59 69 34 85 91 28 72 63 -18 51 6 44 45 53 29 97 52 5 -21 48 -2 61 -7 -10 -11 73 -8 90 43 68 49 -6 65 7 -12 37 -23 76 33 57 66 35 50 96 0 15 3 12 -4 31 55 -5 -17 -3 42 -16 71 58 89
24 -13 7 99 86 26 53 57 62 91 43 54 39 37 -1 -6 45 33 79 5 32 75 59 21 15 -22 64 42 -24 -4 2 98 44 16 -2 88 -14 -9 -12 -11 8 73 1 46 -16 12 13 3 23 85 29 69 77 84 -23 70 31 40 50 17 52 49 94 65 92 51 93 11 80 95 63 -8 67 47 -25 35 48 55 61 -15 89
27 49 83 87 9 -14 19 34 -6 -23 89 6 8 88 56 1 74 95 85 4 20 -4 76 84 73 62 80 69 -19 22 -20 23 50 38 -17 67 40 29 -11 17 54 28 33 71 66 98 10 -16 97 -24 48 -13 45 70 -3 3 18 5 64 94 -22 12 -5 81 92 -15 35 -10 82 53 7 26 36 41 25 58 39 24 99 65 44
37 74 30 81 3 50 98 25 73 83 -6 -25 65 47 1 75 6 -21 14 5 19 -12 -7 77 0 -16 63 80 60 44 57 67 12 97 84 85 -8 48 -5 -24 88 26 15 79 58 11 33 92 21 59 86 69 53 13 87 -23 49 99 -18 38 -13 9 17 64 20 -22 -20 23 54 45 68 55 96 31 -15 78 72 28 82 46 56
34 36 58 8 67 2 100 41 94 -3 -21 12 90 55 81 92 -14 61 30 31 46 38 -4 89 -11 3 28 71 33 99 -10 56 13 95 57 80 -15 16 11 20 75 37 -1 47 70 4 59 77 21 9 62 35 76 98 45 -6 27 78 10 83 68 85 -17 -25 -18 49 42 48 -2 88 24 52 -23 54 73 97 -5 32 84 5 96
91 90 -4 56 69 36 4 50 67 59 87 46 -5 84 42 74 -8 81 73 60 -1 24 82 -15 79 -6 -7 78 96 80 48 53 62 23 1 58 6 -21 -12 -17 97 52 27 83 -25 75 0 51 16 10 34 15 29 -10 22 -18 63 -13 99 3 92 70 40 66 65 61 35 94 31 41 57 55 18 45 49 25 -16 12 89 -11 43
34 54 76 80 43 20 44 89 38 19 12 -9 79 92 23 -20 56 86 -10 51 93 -25 3 32 13 99 74 57 50 6 94 68 29 33 15 73 63 -5 18 -7 16 -21 -3 82 11 40 69 100 25 -6 42 7 24 5 31 41 67 27 21 47 83 98 -24 97 -17 77 28 -1 10 66 2 1 95 9 59 85 61 48 65 -19 -11
-10 65 3 -2 -12 63 -5 -21 16 90 -9 72 64 -3 46 -14 68 57 38 99 71 94 34 -17 73 75 56 81 21 91 29 62 -20 97 95 31 88 39 -13 84 32 93 37 24 45 100 69 47 -22 -11 43 2 6 25 48 10 61 -4 59 83 96 28 8 52 14 36 35 13 66 79 60 -23 70 50 -1 40 17 5 26 12 98
84 62 -1 9 -13 -15 -9 83 -24 -10 1 -2 73 51 68 99 -6 60 97 -18 80 16 25 -7 53 71 41 22 -20 -8 -5 87 28 58 37 44 42 92 31 6 -21 3 96 57 50 88 82 29 7 19 66 43 18 27 0 76 13 8 67 79 85 93 70 -14 32 47 65 15 95 -19 -4 38 100 -22 -17 91 48 98 14 5 78
21 74 76 57 37 65 47 17 6 -20 -12 20 36 15 35 9 -24 -8 93 91 39 67 71 13 77 79 81 -15 46 70 61 24 3 -16 -23 80 100 22 -11 51 60 26 16 69 55 14 -3 58 0 30 -5 63 18 82 85 -21 89 1 49 41 23 27 50 84 94 32 -4 92 -19 72 11 90 2 54 88 34 44 42 28 -17 43
59 -11 82 7 2 100 76 86 50 71 89 27 96 84 -22 -18 81 5 85 44 88 32 34 8 92 -24 16 48 87 73 57 45 52 1 -10 68 -3 99 78 3 56 0 13 -6 43 40 6 19 91 23 36 66 -5 -13 -8 55 26 11 33 21 79 17 24 20 70 75 97 10 22 54 46 53 9 -17 60 28 -20 -16 39 90 -2
99 31 40 51 17 69 -13 88 -12 41 50 -18 77 29 70 -3 14 54 57 67 8 3 53 43 24 -7 59 81 66 83 12 39 -20 38 -6 -8 10 36 92 45 2 96 -4 0 -15 63 74 62 34 85 46 -1 97 18 72 15 -17 37 21 32 93 6 -11 4 80 75 89 25 71 48 27 86 44 -23 91 35 -21 -2 22 68 58
99 -8 0 20 42 9 81 8 55 95 -23 -20 44 86 -15 1 22 58 -16 21 39 17 12 -22 66 7 46 27 40 38 13 72 6 -12 84 -11 28 34 90 -25 16 56 -14 14 -6 91 49 67 59 37 11 51 -19 69 -10 88 -5 54 -18 93 96 85 65 35 48 -9 60 41 -4 24 94 18 52 98 -1 -24 29 76 50 -7 87
46 -14 35 14 -12 -20 72 -5 16 -13 3 63 25 94 5 55 -22 54 -3 75 2 18 99 -16 52 69 7 84 -6 96 57 33 47 79 1 -2 53 29 60 45 43 38 8 59 -9 44 85 56 76 65 49 82 12 10 0 70 92 42 77 98 86 58 31 -1 97 67 93 20 4 22 32 -24 62 28 83 68 -4 27 6 71 34
79 -3 64 36 44 51 70 63 -24 -8 2 54 66 -23 43 40 27 19 -7 97 84 -21 72 -4 58 62 30 25 -2 59 92 21 82 -20 -11 65 78 71 13 47 -6 18 98 0 24 -19 74 -10 96 17 94 10 28 1 86 22 56 68 16 80 87 91 -12 6 -25 100 12 89 9 81 61 99 15 -9 23 33 35 -15 42 69 83
84 19 54 -14 58 72 28 0 90 15 81 -17 -24 -8 42 92 77 10 22 65 82 17 36 12 -22 -12 100 20 21 98 38 70 -3 51 55 6 3 66 13 44 -4 86 -16 79 41 50 89 93 7 18 14 46 5 52 -7 -10 56 -18 25 -2 -19 24 96 -13 33 99 39 53 67 85 -23 35 16 87 63 34 75 78 91 9 11
37 42 4 19 30 22 59 66 2 61 11 -4 46 -7 15 34 89 60 76 52 -2 17 1 43 12 90 -20 38 69 -13 57 -21 99 -11 10 98 -14 -17 73 77 85 45 -22 65 95 100 68 -18 78 16 74 97 87 92 33 -25 -1 23 28 -9 -12 47 -23 -8 -5 50 83 71 -10 14 93 0 32 21 64 86 39 29 75 24 -3
15 55 72 52 99 4 7 -17 46 22 6 82 -11 18 88 51 29 68 80 62 42 78 93 8 -25 0 -19 -16 97 76 83 34 89 30 32 86 10 50 79 35 -23 -13 37 67 17 74 61 -21 56 9 -7 -6 64 -4 81 66 27 23 -18 13 71 63 87 -5 -9 -20 53 59 98 24 48 39 96 31 43 19 -22 90 41 60 57
18 93 4 31 39 67 9 -7 72 99 10 91 53 -4 -1 79 2 100 88 54 56 68 42 49 -25 22 85 43 24 45 -21 61 66 26 87 32 6 -16 34 48 97 78 86 96 63 8 52 89 -5 13 75 82 81 -12 65 62 77 92 14 -20 -23 15 40 51 0 -22 16 70 41 -24 20 95 -15 -2 11 -9 7 80 69 -17 29
75 -19 26 46 19 24 1 21 81 -23 5 64 -6 59 20 2 30 93 68 36 60 61 45 40 16 56 -15 -14 72 90 70 41 91 63 80 74 65 -2 39 9 82 23 87 92 25 85 86 -11 -10 -8 0 100 13 27 94 99 28 88 78 55 50 -7 -20 8 -13 -17 4 32 84 47 67 -4 42 53 76 97 -16 52 89 -1 62
91 26 -23 20 87 25 89 83 -14 28 58 -17 8 -5 33 -19 -13 23 57 7 100 32 13 55 99 36 15 27 37 -1 77 46 82 74 16 94 60 21 48 45 -9 -21 86 66 67 92 2 35 1 47 54 80 72 42 31 84 59 0 19 62 5 71 44 12 -3 39 -22 52 88 43 41 65 76 4 90 22 -20 -2 14 64 51
37 71 49 69 44 8 16 85 2 12 74 76 79 67 55 -7 -21 42 11 78 84 -14 -12 48 21 -2 43 86 100 24 26 20 90 36 32 -17 34 65 73 25 -3 -6 38 68 53 -1 45 87 63 -4 81 -18 98 46 -23 13 95 56 23 52 -24 66 -5 18 -22 -25 29 1 4 75 96 -9 89 88 -19 58 80 77 39 -20 92
67 77 92 88 63 94 41 21 82 26 28 -8 18 -4 93 29 -5 61 -3 -13 27 100 25 -12 98 65 75 -22 85 0 91 17 76 2 16 89 46 37 44 99 40 38 9 14 96 55 -15 8 -11 97 6 39 -7 71 42 79 23 34 68 -6 58 56 53 11 36 87 70 5 -21 -9 35 10 24 22 32 -20 81 -16 -24 54 -19
9 91 -24 95 -1 -19 31 79 14 65 2 4 80 78 64 83 72 25 -14 24 71 62 43 20 15 -2 92 1 11 -15 46 97 -5 59 90 -25 -7 -13 -10 21 66 13 40 3 47 41 12 63 89 53 73 56 42 70 61 69 -20 93 17 8 27 86 100 48 7 -21 39 -4 44 -11 -16 -22 74 60 5 51 37 -8 16 19 -6
97 21 68 29 -13 49 -8 -21 19 15 3 83 84 58 81 85 53 22 67 72 2 62 70 -5 10 27 -15 6 42 93 -20 76 74 -12 48 91 87 38 88 8 11 -3 -19 7 56 79 28 61 73 36 65 100 82 60 46 -10 30 13 37 54 -23 59 39 -4 92 45 17 5 24 33 -17 16 64 57 12 40 66 89 34 77 1
4 17 26 13 -9 88 32 -18 -22 93 45 -11 77 -19 86 -17 63 97 -24 64 82 42 69 51 48 47 53 99 11 35 21 75 12 79 -21 68 73 -25 -1 57 44 52 91 72 -10 43 14 46 15 -3 -16 -14 27 78 49 55 19 -13 95 60 58 -8 18 85 29 25 -6 80 23 0 74 -23 7 36 50 54 61 89 8 2 33
67 45 -19 26 10 34 -14 68 91 4 -18 -7 62 49 69 85 72 84 43 -24 13 50 75 -2 8 82 -22 -11 59 19 88 -17 18 74 81 12 58 86 22 53 80 98 -6 44 40 78 48 -12 17 35 89 90 79 21 2 63 -20 38 100 14 5 70 25 20 47 46 9 -10 61 76 -3 -9 73 56 66 -8 -13 7 64 97 57
76 25 100 79 19 39 88 18 60 14 -19 -1 72 82 1 45 13 99 37 -11 81 92 16 4 23 9 94 54 28 44 89 63 64 35 58 51 83 20 98 -13 48 52 -7 71 67 6 5 93 11 97 -24 32 78 57 38 22 -23 17 0 41 65 36 -10 -20 69 53 -6 85 -9 84 56 -15 21 86 91 68 62 95 3 55 40
13 57 14 85 21 71 -15 64 68 78 1 -11 34 20 8 73 -10 45 44 48 97 67 50 61 6 87 41 -14 -12 37 99 2 -16 72 80 27 66 -2 -23 15 83 77 90 17 -21 9 63 100 39 95 3 91 92 40 -25 25 56 32 58 -13 7 42 -6 -20 51 38 33 93 26 98 -4 65 29 52 5 16 62 -1 -8 89 24
24 21 -10 65 53 14 83 -19 57 11 0 96 79 73 -2 4 87 50 -17 89 -3 9 82 42 22 39 56 92 19 2 6 97 10 12 38 100 -25 -5 77 31 -6 68 55 25 90 -1 32 -14 -9 51 -24 26 45 -22 76 -23 41 -12 -11 62 59 69 71 -16 3 74 20 91 49 15 1 67 54 40 81 72 94 85 37 5 23
20 68 84 26 50 74 77 53 -12 93 2 8 73 33 52 67 100 95 -4 49 36 -9 99 44 41 86 32 80 -13 10 56 19 38 5 -10 94 30 47 -16 0 -1 29 -22 18 81 11 57 88 45 72 58 40 83 97 -19 82 98 37 54 48 46 21 3 35 -5 -7 -21 25 91 -15 27 -6 79 92 15 90 31 28 64 85 69