50
57 21 39 74 29 18 5 1 -11 6 59 24 27 -9 31 33 41 25 -20 49 -12 0 -1 -24 45 43 67 15 17 2 58 66 61 -8 19 34 54 11 -5 -18 26 36 38 53 52 64 -2 48 44 -22 3200
-3 9 7 -12 15 -22 10 -16 48 65 53 -6 38 54 50 64 1 -11 32 45 66 26 -17 -4 41 20 8 2 68 39 35 24 18 -9 42 52 51 36 23 -18 70 43 57 -23 -20 29 49 -8 -24 4 7300
21 41 7 -6 36 57 -10 9 1 53 52 74 -5 44 59 31 61 28 63 5 67 8 37 65 48 -16 -11 24 45 -3 69 26 35 60 25 75 58 43 -8 46 -7 19 55 34 -12 -2 14 68 40 -9 1600
-24 7 66 -11 -10 -3 47 -8 52 -2 25 -20 2 75 28 40 73 0 63 17 42 14 -19 22 35 60 24 -16 6 18 10 -4 57 1 69 16 72 -6 30 34 -5 -17 62 46 68 74 -25 19 54 21 4800
18 25 72 -3 61 68 36 1 10 8 66 7 58 -10 32 51 50 44 41 67 3 42 -11 21 4 -24 5 29 73 33 48 31 9 -14 16 11 22 52 43 -8 0 70 14 17 -4 -20 -23 23 71 56 -2100
-16 -25 41 10 40 68 65 53 -23 -20 25 -24 -19 32 14 -22 55 -10 36 5 24 16 -8 15 9 7 20 57 -7 46 67 44 72 -9 26 21 73 35 18 37 8 -17 59 -11 33 58 74 23 -14 11 3900
38 6 -24 -21 10 9 -7 34 -9 49 59 56 29 35 53 -12 66 36 22 12 41 -18 -1 28 -5 69 73 -4 7 -20 -8 -17 47 -3 31 -6 46 -11 1 64 21 45 60 63 2 62 19 14 37 33 6800
64 17 -1 5 50 -16 59 1 11 -5 39 26 -18 -17 67 48 56 21 55 -22 27 19 -2 15 33 -3 63 45 35 0 -12 -13 16 18 46 -25 -9 49 43 73 23 3 29 72 47 -19 14 -24 61 32 2000
-8 63 53 -14 5 67 6 -4 48 43 28 65 74 -18 56 -10 61 14 41 -19 60 4 35 75 54 20 12 55 -12 25 27 -17 0 -23 23 40 64 3 58 -20 45 18 11 57 -6 44 19 10 8 49 3200
62 55 -8 65 -10 70 -16 73 56 -1 54 23 40 39 6 9 -2 49 -22 38 42 52 -20 47 -13 33 28 44 67 -17 10 25 14 -12 -9 7 53 60 58 -23 2 0 34 -4 -5 35 13 61 -11 -3 2900
63 31 -22 15 48 71 60 61 46 23 65 4 45 -14 51 42 34 27 2 33 55 -3 6 69 -15 11 38 59 -20 10 52 28 25 9 56 17 -25 47 -24 72 53 -10 43 18 49 0 73 36 39 -2 -2100
21 23 4 24 15 -12 -22 -16 36 0 75 49 45 39 -10 -14 18 2 27 26 74 22 -9 -3 -23 53 11 50 -20 51 40 73 25 70 -11 63 -15 47 56 14 33 -18 65 58 54 -8 3 -13 52 68 1000
34 13 38 -6 57 54 -1 -17 0 3 52 32 -9 -15 -11 72 5 -10 58 33 17 -13 2 22 1 46 -14 4 -21 68 30 65 -23 -25 43 -4 18 66 47 -7 69 36 -2 27 61 53 26 -22 39 50 700
21 33 41 -22 43 63 70 32 26 14 42 45 -7 54 71 16 29 13 49 72 -17 -13 19 10 17 38 3 50 -23 20 65 25 -2 -4 56 23 -5 66 11 55 -12 24 1 5 35 22 4 36 -14 -18 6400
1 67 -23 -5 75 -19 51 12 55 13 54 68 43 73 45 36 -14 -24 26 -25 34 -18 18 35 2 32 52 5 21 56 -8 20 47 -21 -2 53 -10 -1 65 16 48 24 -17 70 -4 39 33 38 59 15 7100
69 52 -18 36 1 0 51 35 46 12 2 -2 72 39 4 19 48 -20 55 53 63 13 -7 -4 59 -22 56 37 64 47 40 41 3 62 66 11 5 16 67 32 -15 -11 57 24 50 -13 73 68 20 60 900
58 72 46 42 -15 -7 -19 33 8 -14 75 10 23 48 9 26 1 -4 18 -23 3 28 25 56 57 20 5 7 61 -6 67 44 19 41 45 -20 -5 65 47 32 50 70 51 36 2 -16 54 15 63 31 -1000
-23 27 -4 6 67 14 65 37 40 22 66 13 49 -18 -16 7 41 -8 42 -21 57 51 10 62 45 15 -12 -19 32 -25 44 19 26 16 36 74 -9 54 38 -20 73 72 11 46 28 34 24 -3 -5 8 -600
-12 34 32 3 38 40 37 62 51 12 -15 35 57 41 63 13 15 43 20 -8 70 17 24 22 -23 65 27 25 71 10 -5 59 -2 73 30 49 68 36 28 7 6 18 33 26 23 5 -22 60 72 75 -1000
2 75 74 20 22 25 53 -17 -22 48 21 7 10 -6 -10 -16 50 -15 -8 17 26 68 -7 -23 66 -19 -25 -1 -3 9 -13 -4 19 64 24 70 14 34 57 -14 73 15 56 49 8 3 35 43 38 65 4100
13 20 -5 4 56 72 39 -9 -10 67 -4 71 34 11 27 -25 12 -3 -16 16 -12 59 29 -17 55 -8 73 53 18 -19 0 -18 15 24 -13 21 17 -22 -21 49 64 22 63 38 -23 68 74 5 43 36 3388
53 41 56 61 37 -14 -9 23 -16 54 19 27 -21 55 -19 -4 47 29 66 -20 33 21 -22 -15 -8 34 69 13 18 48 -18 72 75 44 35 17 0 10 12 22 -11 49 42 58 6 -24 -7 8 20 40 -6764
54 27 48 43 5 -14 4 -24 -2 3 38 12 -17 31 -16 -3 -1 52 -13 23 62 17 19 34 39 30 55 -7 2 53 35 11 -22 -25 72 -23 58 -11 -18 26 13 28 75 59 56 22 57 73 44 67 5177
-7 13 -19 45 21 68 42 -20 -21 59 -1 -10 46 47 16 26 0 -2 75 -23 -6 6 34 -24 56 2 14 51 57 63 49 5 19 43 -15 35 4 31 30 55 20 64 -5 58 54 -13 18 -11 23 -16 2887
5 20 60 23 11 9 -21 7 -9 74 -15 28 0 -12 22 10 -11 30 3 51 72 -23 43 1 8 67 14 52 75 53 -1 65 19 44 25 34 26 32 18 40 27 -10 -7 -20 16 -5 15 -22 70 48 6879
10 40 33 41 -17 42 63 -22 17 20 23 37 29 -4 53 58 62 -14 24 -9 67 34 19 -6 26 50 -5 -13 68 16 4 -21 12 35 46 31 -25 25 30 47 21 59 36 72 74 44 -15 -23 60 8 4987
-13 35 -11 -4 -2 18 39 27 2 8 71 42 58 56 69 -5 -9 -19 55 -25 31 63 59 43 -16 20 70 -14 38 41 37 15 48 65 -1 30 53 47 -10 34 0 50 21 1 16 -22 23 72 66 26 -1876
58 15 17 51 -24 -7 -22 47 49 65 66 28 62 63 39 -20 -25 0 16 41 -13 35 72 13 -3 25 71 9 46 48 -9 -12 60 44 45 53 -23 21 27 38 75 54 24 2 18 70 68 7 19 31 5076
73 -11 67 43 6 11 72 69 -19 -20 30 40 -1 33 -15 1 55 0 -2 27 50 66 19 9 13 -5 -24 7 74 41 64 46 58 71 68 20 16 18 15 52 34 53 8 4 3 -18 12 -10 75 5 -7877
-2 -20 6 32 12 9 50 -8 -6 -17 -24 -9 36 -11 0 -3 74 52 30 -13 -12 71 43 63 34 24 57 16 27 -4 -10 8 61 54 31 2 56 72 20 -14 3 -1 49 67 59 21 5 73 35 46 4876
33 -20 26 31 4 51 21 -18 57 1 46 -10 5 34 23 -14 29 37 8 73 67 48 69 17 -17 58 32 14 60 68 64 66 22 39 -16 13 11 -19 -13 16 -9 56 15 65 20 41 71 55 -8 53 2097
39 -17 6 73 14 58 53 -1 36 20 5 40 13 28 38 33 30 71 -5 -15 27 25 -2 -10 43 61 -23 34 15 -22 69 31 29 50 -3 24 64 42 -24 18 68 9 63 32 49 -25 74 -19 7 11 -4087
-2 7 12 -6 72 6 37 42 -19 71 27 -1 4 -10 22 60 15 50 39 62 65 -16 32 25 34 29 2 20 14 73 -5 41 -11 11 47 -17 21 46 -8 8 19 28 51 45 31 10 5 70 0 9 -1200
75 -1 28 12 35 51 -2 30 53 66 -19 -6 13 55 70 54 -7 45 -22 -13 68 11 -4 3 33 -3 -25 49 56 52 57 40 60 -20 26 14 2 -10 72 0 19 -23 65 46 47 38 61 -5 32 8 4200
11 19 6 63 -25 -12 64 5 9 -10 69 55 16 -22 66 68 26 70 -4 -23 15 -14 32 20 -7 27 -11 17 44 39 65 35 42 2 38 -24 74 56 37 -20 -17 29 28 58 49 40 18 57 47 1 3000
55 34 -1 15 4 60 32 -10 -14 66 25 -2 62 11 -4 49 -20 -22 30 53 24 35 44 -6 59 23 -8 -21 0 20 54 48 58 -23 21 45 -9 61 33 63 9 67 70 16 14 10 74 -17 27 1 2600
55 71 41 65 58 -23 -12 37 57 12 14 9 59 1 29 -22 74 36 67 62 -6 -2 44 38 48 30 75 -15 49 -25 -9 15 52 20 -11 73 -14 26 17 -19 4 3 25 43 -8 70 18 72 40 -10 -1600
35 12 52 24 64 -12 23 68 40 8 45 1 28 4 58 -4 54 60 -23 2 -6 46 30 -11 66 -8 22 -15 53 39 -9 61 -13 62 69 20 16 38 0 -10 -19 6 67 -21 13 -25 19 74 51 21 700
-19 -25 8 66 6 -7 -14 36 -5 21 7 51 71 45 61 46 28 69 -22 47 31 -3 74 35 -2 55 -9 40 -1 39 38 19 41 -13 -6 72 53 29 10 3 56 30 75 52 -12 24 -11 18 13 -15 -2000
6 20 13 -18 14 27 74 -15 21 11 51 -16 28 -7 1 -5 33 52 -10 25 3 68 23 26 29 58 -23 30 66 72 -22 4 42 37 53 75 73 48 31 -14 57 60 -4 64 -1 61 34 17 -19 45 6900
45 38 12 -20 8 27 -13 -1 9 75 64 54 57 74 66 52 26 37 -16 30 47 72 -2 21 3 61 53 42 7 -22 11 69 67 -18 10 -14 22 59 -9 -17 -21 -12 25 31 -15 49 51 43 48 29 -300
-21 37 -11 29 75 63 35 58 -16 -20 7 72 4 47 18 49 48 -13 41 53 50 68 74 2 30 -25 22 70 19 6 64 -12 23 59 -3 5 27 -5 -2 62 65 73 -9 56 3 60 10 42 46 43 -2300
71 41 58 47 27 53 51 68 62 14 -5 33 -9 -21 67 43 35 54 -15 -22 -19 63 -3 6 55 52 15 22 -13 -20 -18 -17 21 57 -14 1 12 19 72 48 39 17 70 32 30 7 5 13 16 -7 6785
27 -13 42 25 -1 -8 -6 -22 0 -2 55 15 21 61 29 31 51 7 37 45 35 52 1 9 67 69 64 73 41 -18 58 20 65 -23 -7 38 23 43 54 28 -9 63 -14 2 -20 46 22 -19 8 -12 1200
2 10 -6 39 67 -3 25 60 73 65 -22 56 -4 75 48 33 0 19 18 37 71 13 20 54 72 28 9 36 3 -1 11 63 70 62 58 29 -18 -15 45 12 61 -2 32 66 -7 26 -24 50 15 35 4600
34 63 66 -9 -13 52 24 -23 60 51 -22 21 55 22 48 15 -14 70 43 49 59 25 3 -20 38 17 74 41 53 19 -2 47 28 -12 33 75 58 44 29 45 -15 69 -10 -16 31 8 -7 72 -21 -18 2700
64 44 37 13 -4 66 21 -21 23 50 24 15 -25 59 73 36 33 43 -20 58 -13 -11 7 -7 20 -5 41 -24 -22 71 10 55 32 28 69 22 65 -10 26 3 -14 -8 67 35 6 70 -1 31 9 29 6200
13 38 2 49 -9 35 27 -13 32 4 51 47 -12 74 1 -4 16 48 -15 58 31 -20 15 57 -22 64 9 -16 -18 68 37 61 17 -11 71 28 39 3 53 72 -23 52 7 63 18 69 -5 6 25 65 5900
-12 63 3 60 75 37 35 10 6 26 2 57 -24 40 36 39 13 30 52 -22 25 -7 62 -20 18 73 -15 4 -23 38 20 -9 -3 5 27 16 -25 -6 42 -19 23 64 44 -4 29 8 11 7 24 56 -1000
-24 65 -13 48 44 41 39 43 14 -11 23 -17 55 16 35 -23 32 9 24 -4 54 62 63 20 71 18 8 -22 73 45 -8 11 66 15 69 12 -3 52 -10 51 -21 22 60 -20 67 56 68 -18 -5 31 5700
