40
8 14 25 -24 -21 54 15 50 11 17 -12 49 10 36 18 61 9 -5 72 48 59 44 63 73 -25 67 6 75 37 71 -11 69 -16 74 2 35 -17 4 -18 -14 13
70 -12 48 26 -8 28 17 31 33 -24 19 32 -3 75 39 42 -17 74 22 38 64 46 10 -14 20 51 -11 -18 71 5 -13 43 57 15 -15 44 52 36 63 -2 73
43 35 -13 4 19 14 34 -9 -16 24 68 53 15 72 58 -14 -17 38 60 45 61 73 31 71 47 23 27 25 46 -19 -18 -4 39 30 9 44 62 0 5 6 -7
34 12 74 18 29 36 55 7 26 17 14 -23 -12 4 -3 60 8 -2 50 66 -11 2 51 68 -10 40 0 21 71 48 -14 -8 6 65 11 -18 -21 43 41 59 -6
55 43 28 54 47 -13 64 65 27 -24 69 3 -17 74 20 -12 -16 -14 26 67 53 49 42 46 -19 14 29 52 58 51 -15 -6 6 -25 70 24 -9 17 59 35 44
3 34 26 -17 23 72 -6 54 33 19 -14 5 50 60 75 73 53 6 2 7 45 12 56 68 71 -25 21 17 24 13 36 55 43 18 15 -1 46 -15 -7 11 -2
42 67 18 29 26 -7 10 12 -10 8 -21 21 27 -1 -9 -17 38 15 -6 55 9 3 -19 -4 23 -14 13 35 63 68 61 65 37 -5 24 19 39 0 25 4 64
65 51 -8 53 25 -2 11 0 6 16 46 -12 73 61 70 23 -16 45 -5 42 -4 5 -1 34 49 54 -17 60 24 -6 64 19 -23 52 -22 48 12 40 41 68 -9
29 66 -10 45 2 46 20 15 -9 -19 34 -7 38 36 22 18 30 14 71 1 26 -18 65 -3 73 49 -24 25 -4 68 -8 63 39 7 70 -12 64 10 3 48 -13
55 67 40 2 18 58 -5 37 60 1 -9 70 71 7 24 35 75 59 -19 66 -22 53 21 -23 -14 47 -13 11 44 -24 -20 5 4 13 34 32 12 46 16 -4 -7
30 46 3 -17 73 -23 68 6 -25 21 45 41 -11 50 -18 60 -22 42 59 -1 67 16 39 31 40 38 -3 65 9 12 51 53 -15 23 37 -12 18 17 0 47 64
29 54 38 45 56 -1 7 35 65 -2 21 46 40 75 28 31 22 -13 66 11 8 71 62 -4 -15 52 47 -19 59 72 60 -11 -21 48 12 25 49 17 27 16 39
28 67 -18 40 22 60 33 -17 57 31 70 5 45 -21 -23 58 3 34 -15 50 24 -1 -20 7 48 39 32 26 65 13 38 15 -19 2 44 -2 53 14 -12 69 19
-21 67 41 51 16 -9 40 -1 71 -15 -6 -22 48 61 31 28 -16 8 7 60 18 53 66 -4 70 47 36 29 23 -17 59 20 -20 -10 46 6 4 32 57 -7 -24
-23 18 61 35 -3 24 48 -21 -16 10 -1 12 21 45 31 -22 39 26 15 47 -17 4 -11 27 56 36 -25 37 -6 5 -24 33 -15 43 16 34 30 75 72 -7 3
50 46 26 64 9 38 18 -16 -13 8 21 -18 43 34 31 70 -6 61 54 -14 -24 60 68 27 62 74 -11 71 33 73 14 66 -1 -23 32 42 69 -17 45 55 -9
40 20 2 -16 37 5 -19 47 17 71 68 15 45 24 62 42 59 75 28 11 -22 22 14 44 8 -4 70 -1 67 27 -18 34 -5 7 46 -17 25 36 29 9 13
38 -13 37 72 -12 16 70 1 10 15 4 22 -22 68 52 56 21 -14 29 -9 58 75 -25 11 5 13 -21 34 -7 8 49 32 -18 41 71 2 -24 -6 74 0 63
62 36 25 23 9 -18 10 38 -12 -8 19 46 28 15 -4 29 -2 57 51 -7 0 67 -16 54 30 43 -17 68 -21 71 64 50 -24 -14 11 73 20 5 -25 63 65
6 8 25 60 38 -1 16 0 -22 39 7 49 14 48 28 29 24 9 52 17 21 -11 -3 36 54 31 70 -25 2 26 68 59 3 12 40 1 -6 -2 41 75 35
37 34 -17 -22 -9 66 -11 -5 -20 48 74 20 47 30 -8 3 -24 -7 27 36 40 51 56 23 9 50 43 0 22 49 39 70 33 -12 46 61 -19 31 -14 75 -6
24 46 31 39 -1 74 13 45 12 -14 58 -13 -10 54 59 5 61 71 -2 19 56 -23 65 11 38 18 67 -9 -4 47 35 23 -5 -21 4 -18 34 -17 9 72 55
62 4 52 -13 16 46 21 41 -23 28 42 14 10 9 6 32 66 -9 39 -11 65 -1 71 38 68 -22 69 -10 37 24 18 -21 45 70 73 15 63 57 34 20 74
31 50 67 43 -18 36 57 10 72 40 -3 7 18 33 -22 42 47 -24 -13 9 37 23 44 39 58 2 -23 30 46 69 48 75 64 71 45 -15 13 65 59 19 61
8 -8 11 73 39 0 51 29 66 1 60 -11 43 47 7 57 59 52 50 19 40 15 45 -4 9 2 44 -25 46 41 -20 -1 -15 -14 72 54 21 6 12 5 -16
72 39 -8 54 65 47 -1 58 -5 -22 67 49 -9 66 40 -2 -6 30 9 33 27 23 52 61 10 16 34 3 -7 31 73 22 48 62 36 28 -17 -24 7 60 0
40 67 -4 69 11 37 72 31 65 50 39 6 53 25 47 63 20 68 49 58 46 57 59 5 75 18 -9 16 7 54 -20 4 23 33 32 28 -24 -22 12 45 -17
33 23 -25 0 -13 -15 -6 30 -4 -23 -20 -16 17 62 51 63 20 5 54 -21 44 2 25 71 -18 75 24 58 66 69 50 29 47 -14 65 18 72 48 -1 11 14
53 27 56 65 32 36 46 18 12 0 28 -22 54 -12 11 71 31 -11 62 -24 34 -1 75 45 19 -8 3 74 49 16 -6 -15 -19 41 44 66 7 6 51 17 -7
71 -7 50 -21 6 63 47 43 25 55 2 34 14 38 57 15 69 45 -5 13 73 -9 40 -4 36 -12 18 -22 49 9 46 56 60 24 -6 12 51 -3 -17 -24 0
-21 25 -18 67 -1 69 -3 -17 23 20 -5 39 11 68 6 62 10 34 65 0 40 47 37 -25 -2 -8 61 9 7 73 26 63 -16 45 46 48 59 -14 16 43 55
36 3 70 2 61 -20 59 -21 44 71 -4 68 -15 47 -24 28 55 -6 35 0 -9 33 -16 46 49 -14 6 42 -7 45 11 48 32 65 -19 67 24 43 18 73 -22
56 32 53 -15 27 -24 -1 29 67 -23 51 -7 64 9 61 -25 74 37 13 -12 14 41 57 5 66 -8 75 48 20 19 17 55 15 30 33 11 50 65 4 62 8
-23 61 64 62 34 14 65 -24 40 69 30 74 46 16 48 49 70 -19 -10 -20 63 -3 -2 1 39 75 58 27 33 37 18 42 59 -18 20 57 51 0 8 60 29
1 -18 13 33 56 70 68 11 2 72 -7 62 74 -17 -23 42 22 5 -25 58 -14 34 26 -22 60 39 37 -20 49 21 43 18 69 4 8 0 46 59 35 -4 30
-25 -5 -17 72 66 40 28 1 11 30 54 51 29 33 53 21 44 0 38 25 10 41 43 -11 50 14 36 5 9 61 19 37 75 71 23 52 26 70 7 32 6
55 13 30 -9 24 29 36 47 53 2 45 75 49 4 34 6 10 65 67 -14 52 -10 63 -3 33 21 70 -23 61 44 38 60 35 22 -24 16 0 20 73 -20 28
-18 71 32 -15 -24 43 39 10 51 34 74 55 -16 7 50 -21 -3 15 9 8 14 12 31 3 65 53 35 23 67 20 70 2 69 -17 18 62 -14 5 -5 0 -2
67 -5 -10 72 47 63 -4 62 -6 2 24 20 -8 52 43 38 33 30 27 29 16 0 53 59 26 -3 69 -1 22 41 13 -7 39 50 44 14 34 6 19 12 -24
-3 -20 -22 -11 -12 10 72 12 39 73 2 9 46 55 33 31 70 47 49 34 59 0 63 22 69 42 30 -6 48 54 74 5 27 -23 36 25 15 14 18 4 -14