70
54 -23 66 51 71 61 -15 0 35 32 23 12 53 57 1 60 81 26 100 89 29 58 4 80 99 85 95 16 6 87 79 86 -11 13 -21 20 73 8 30 7 -3 43 65 18 31 -18 49 -6 37 -1 55 47 -13 -24 45 -5 -8 -17 -14 3 -25 9 40 97 78 -10 76 5 98 59 93
8 75 0 35 67 94 47 51 98 49 34 88 83 -20 81 41 -5 92 40 59 27 17 79 53 -21 24 2 21 -9 48 -10 5 20 66 -24 6 -8 90 74 52 93 55 -2 65 28 26 13 18 14 57 60 78 11 16 -23 71 54 68 -1 38 29 89 45 4 19 73 39 -4 84 77 -14
67 93 40 14 -8 32 16 64 3 78 1 51 9 79 73 47 69 97 70 84 5 -5 -20 -6 74 25 30 63 83 0 17 12 13 -23 -4 94 34 18 10 4 85 43 95 41 57 75 48 28 98 54 -11 -1 56 86 61 65 35 80 60 -25 31 -15 -2 99 27 66 81 52 2 11 77
46 92 72 43 74 96 29 33 86 13 89 15 93 -9 5 -22 70 84 71 -8 -5 -13 6 -15 44 21 47 14 81 31 32 54 23 7 53 -10 -17 77 76 39 82 48 99 95 68 73 79 83 90 60 -1 10 66 -6 50 8 19 -16 69 24 59 18 11 49 -11 25 87 100 35 16 88
-15 -11 74 -16 42 64 25 81 77 80 71 82 34 60 7 20 62 39 -7 50 26 -10 -24 -8 5 3 73 57 56 83 -13 85 -25 63 78 -18 96 15 48 30 -23 1 -14 55 49 75 37 -5 -9 -6 43 45 92 76 40 -21 86 51 29 -1 35 61 0 95 67 9 54 18 12 -20 65
78 54 86 18 -2 10 99 61 79 -25 -17 -18 -3 0 -4 14 81 8 74 87 91 48 -13 -7 50 76 26 66 -11 94 31 47 27 19 -22 70 17 -16 -8 60 23 -23 -6 20 43 71 52 -1 12 -12 56 44 49 77 42 63 34 92 2 9 84 24 30 75 62 55 98 -19 51 65 -24
21 75 61 -11 7 92 14 53 71 -12 -9 90 98 -20 50 24 -8 69 58 76 32 94 48 79 -1 23 97 22 1 77 -14 43 -7 16 38 64 5 13 89 -19 6 19 46 81 -16 18 60 -21 15 82 88 28 11 72 37 49 12 26 70 74 35 93 -22 9 78 30 25 -17 51 95 66
46 61 3 36 5 -25 -17 54 23 64 -11 72 38 51 -16 21 50 70 63 76 26 -20 43 -3 94 42 1 97 27 -10 56 88 -15 17 18 20 47 14 -2 71 57 12 11 75 73 -18 37 -23 -14 -19 28 39 49 65 -1 24 96 91 7 66 -9 22 -13 77 98 83 33 58 84 74 -7
-12 -4 68 -25 -13 50 1 38 45 94 79 27 -5 60 81 21 85 52 82 -11 93 65 -6 80 3 20 57 -24 96 31 98 35 -16 26 87 -3 40 73 11 75 -20 0 89 90 56 74 59 77 14 22 29 63 58 91 66 8 -8 69 23 99 100 -10 49 10 -15 61 30 25 78 54 72
35 73 65 50 93 -3 68 2 67 21 16 88 54 -5 -2 0 -23 87 -22 97 48 42 89 -20 8 26 41 28 19 29 -11 74 37 40 -4 -18 80 75 30 1 4 63 -8 10 91 34 77 58 33 83 64 99 79 36 72 46 38 62 -17 94 57 14 -19 59 52 60 -6 15 55 7 85
59 32 47 44 82 34 4 79 -1 86 39 97 -23 81 43 58 49 8 80 95 41 5 61 42 90 92 -16 -3 38 98 19 40 -17 27 -10 1 -20 -25 30 57 65 33 56 91 -14 67 53 66 89 62 -7 -15 100 9 50 -6 75 17 63 -9 26 -19 55 51 -5 60 24 35 7 52 31
4 -9 15 61 -23 -14 74 92 72 90 58 60 -4 21 17 0 5 2 -1 33 47 83 -8 85 91 48 10 -18 9 -22 55 39 28 27 6 -6 1 -25 95 26 94 12 8 11 54 -3 22 25 89 -5 49 62 79 98 16 -16 19 -11 7 78 24 -20 45 86 56 59 70 75 69 23 29
64 15 67 23 -14 88 -19 18 61 90 8 96 33 55 69 53 3 87 9 27 51 -1 47 14 21 6 -16 63 100 19 25 43 57 7 75 93 16 60 12 -2 68 4 22 -24 20 5 62 -8 31 91 30 11 34 44 10 66 -13 56 -4 81 42 -9 59 97 58 70 82 2 46 -15 40
48 35 36 21 -12 84 28 -8 81 80 20 83 -17 57 10 26 76 60 -14 -19 7 32 15 18 39 86 2 -13 95 -10 74 88 25 90 54 96 97 79 0 38 -24 72 98 -6 66 6 -1 -18 77 12 91 100 52 -5 -23 64 46 -16 47 56 44 62 69 87 99 31 -22 68 -2 29 -3
68 100 84 61 81 52 31 13 37 88 38 71 21 -13 42 62 83 17 8 51 97 95 57 -12 -20 60 -15 96 45 80 30 43 74 39 76 -7 -10 15 -14 7 -5 1 18 14 9 -24 25 23 36 78 94 54 49 72 59 79 92 -4 12 40 -22 29 19 47 53 70 -19 10 24 44 -18
-6 79 9 98 85 52 50 86 37 97 -13 47 70 61 30 48 -14 88 99 21 46 34 96 20 15 80 -9 36 16 -20 31 25 -4 74 13 -21 73 45 8 17 59 -7 19 62 6 -16 69 68 49 71 -3 57 44 -24 -8 82 56 38 43 91 87 3 78 -19 95 26 18 -25 35 42 -1
40 -5 80 25 49 78 -24 83 3 58 -10 36 0 29 24 100 51 64 9 -16 6 62 70 10 39 8 98 20 44 -21 76 -17 41 55 74 96 23 -13 94 16 -22 -7 32 -25 -23 75 57 4 38 5 21 79 2 14 88 -4 54 33 63 68 17 7 85 93 72 45 50 27 86 67 56
5 94 46 17 -1 39 15 12 89 -23 30 40 21 62 61 79 45 87 85 33 84 44 36 23 -18 71 57 82 22 63 -8 58 0 93 81 98 59 47 55 32 92 34 28 29 -21 80 -10 -24 64 26 -7 10 75 50 51 16 72 97 56 65 99 2 7 95 27 11 -5 14 31 1 67
72 14 87 -5 15 31 67 12 -4 30 95 5 -14 -1 42 27 -15 -8 -12 8 44 60 64 -9 98 61 94 49 54 34 -6 89 74 -10 -2 -19 0 63 39 81 52 78 38 70 41 50 90 91 68 86 -23 16 -11 53 7 24 1 51 -7 47 -13 57 22 43 100 13 29 -22 20 11 4
90 54 6 70 65 42 -15 -16 33 -13 82 73 1 21 72 32 26 48 -22 -10 -5 -11 89 16 58 80 60 51 18 76 84 61 66 -6 12 94 -8 -19 27 40 63 34 25 15 45 8 -9 68 56 19 99 52 83 13 30 23 44 64 38 4 78 97 98 88 81 24 17 -23 7 28 10
17 -25 92 0 1 82 80 96 20 78 54 -5 93 62 49 67 99 48 10 -6 36 55 -10 14 72 44 39 84 28 74 -22 68 76 35 31 -1 21 -23 -13 -12 83 9 100 47 -19 29 65 2 32 71 38 41 27 -9 33 -21 -2 25 7 75 69 4 66 58 50 15 79 88 43 6 37
84 20 15 -25 98 87 41 91 11 40 16 83 89 56 53 51 90 23 79 -3 19 -21 49 6 -23 64 12 -20 -8 73 65 -17 -19 80 93 96 7 33 38 36 44 35 77 -4 30 43 31 -9 47 67 -12 42 28 45 81 22 -2 55 2 -7 -14 10 62 76 8 13 39 58 66 60 99
-10 13 70 61 27 86 91 -24 -3 72 44 29 83 19 0 14 77 23 85 -7 68 -14 94 48 21 28 60 16 -6 35 -25 -18 90 41 -1 96 1 53 92 55 75 -11 22 74 67 -17 56 45 36 100 26 87 2 46 9 7 30 -5 17 88 97 98 -4 25 63 -19 15 8 76 50 10
-12 13 -17 6 89 69 -13 28 55 86 93 68 92 19 57 63 -8 14 12 90 27 100 44 31 95 36 41 32 0 72 10 94 82 73 88 -11 49 56 71 -10 -15 18 34 39 20 -14 53 -23 51 76 58 30 35 -9 47 -18 87 64 29 38 -3 1 4 11 97 -2 7 5 85 80 59
11 -20 49 64 -16 -4 -11 6 98 -19 27 45 26 78 34 70 9 82 63 -8 -25 41 -14 -15 7 66 17 80 2 39 88 43 53 38 -23 31 -21 -24 -13 -2 4 87 74 59 75 54 -6 0 69 42 99 37 33 -17 91 19 50 52 23 1 35 51 65 93 20 79 85 89 67 68 44
59 17 -24 -19 9 23 88 20 40 22 74 65 6 32 -22 15 78 54 60 58 16 25 49 77 98 81 -1 2 85 95 7 -3 61 -13 10 39 34 99 43 26 -15 -8 94 35 -21 57 64 -10 44 -23 68 66 63 18 72 55 47 5 71 24 56 76 48 -4 14 -11 70 53 8 69 97
26 -8 -2 73 34 -20 4 -4 72 97 78 58 63 -24 -3 -9 71 66 65 25 21 3 46 33 -25 76 27 59 87 60 83 90 24 -13 6 17 30 16 68 61 -16 98 -21 56 29 19 36 32 -22 -23 81 -19 75 23 -12 5 89 -14 37 88 8 9 20 39 57 11 95 79 70 22 84
-19 51 6 68 -20 41 18 63 43 23 14 32 -14 -22 45 94 54 56 49 95 40 39 -7 -6 12 0 7 20 -16 88 52 37 46 48 25 92 99 77 -15 70 65 66 16 28 98 36 -4 33 19 69 42 87 90 29 59 27 83 35 76 78 -3 47 100 50 80 62 55 60 86 1 31
44 18 93 21 94 89 58 34 29 -21 -5 14 27 30 72 19 87 10 46 91 98 5 -24 64 99 31 79 11 40 65 -13 1 7 -7 37 90 48 25 66 15 42 61 88 -6 16 49 -23 -17 51 70 55 75 84 4 69 45 8 -22 -8 68 24 0 57 26 59 28 -18 100 -1 38 -19
63 48 10 14 38 84 2 89 17 62 -8 94 13 100 87 76 79 8 32 78 75 72 23 71 95 -23 61 -10 98 90 54 53 67 16 65 28 68 35 46 58 56 74 30 55 52 85 -21 41 50 -6 9 77 37 39 81 12 25 45 42 27 49 -17 15 -13 -16 64 34 -14 43 -15 -7
100 76 8 49 42 97 35 44 40 -22 91 37 65 21 47 62 98 15 88 -10 79 -16 -15 -14 -11 50 41 99 89 82 -20 5 24 94 10 -6 87 29 92 67 60 45 23 70 -7 36 85 -17 22 56 -18 1 80 -2 61 53 -3 58 57 -23 68 38 64 -12 77 72 -8 71 28 12 30
76 -21 49 74 81 57 -19 47 54 -8 72 96 68 19 25 90 -13 31 66 43 42 0 93 80 89 38 27 -16 65 -6 30 69 -22 26 78 73 23 63 14 83 33 70 64 -1 18 55 -12 17 99 9 62 53 97 94 50 60 3 -25 -2 -24 95 -5 -11 11 79 4 52 2 82 86 -9
33 94 66 54 39 0 64 -25 -18 100 71 78 90 -19 81 35 16 72 30 -4 68 86 19 -2 -22 3 11 22 65 15 -9 -11 31 -16 -8 89 70 87 -10 -21 84 52 29 63 47 -13 46 74 99 42 -5 6 14 5 12 13 93 1 75 -23 21 -24 59 67 45 48 9 27 82 50 55
77 85 88 -14 44 80 12 69 46 52 92 61 -9 22 60 16 100 3 17 4 -8 93 81 86 2 99 20 75 59 42 29 79 84 31 97 -17 33 56 -22 0 68 36 63 38 35 -18 7 96 91 67 50 87 71 15 14 21 -1 -4 66 -19 58 72 30 25 74 -23 89 28 -3 82 26
-24 -9 -15 87 86 45 67 14 63 17 93 -1 50 33 66 42 75 4 64 -13 18 -16 -14 32 20 -25 40 31 44 80 23 -17 68 99 27 95 65 6 26 8 2 52 85 82 -5 15 -12 -22 30 19 60 -10 21 51 -2 70 79 -4 49 48 3 35 38 96 25 -11 16 73 84 54 5
-7 17 -22 88 73 -8 30 0 -19 56 -17 28 44 47 33 6 -1 9 -6 49 -18 63 95 81 66 54 1 53 96 60 3 77 -15 31 32 45 14 78 50 -9 37 38 59 93 65 34 57 21 39 86 -20 48 67 2 -4 -13 74 46 -3 42 23 82 52 5 25 15 84 85 16 -14 10
67 68 7 5 35 34 -23 12 -14 -10 44 -8 6 86 46 56 10 89 -6 45 91 73 -4 65 -22 -19 99 51 16 -12 3 63 100 13 95 71 64 41 74 61 49 97 83 94 8 20 88 27 81 22 80 38 15 79 48 24 82 0 92 -18 -3 75 -16 9 55 -25 21 72 59 40 87
31 27 85 -8 50 45 98 -19 75 73 -17 90 49 -3 36 -1 30 -12 -6 94 20 -5 82 -23 91 32 88 26 99 66 5 51 95 43 13 11 -9 18 48 40 -7 -21 57 65 -25 12 -22 87 -13 100 56 28 63 4 21 60 47 58 54 -16 39 89 44 77 79 19 23 1 0 29 24
68 -12 -21 71 36 98 46 29 -14 6 27 52 -1 -24 79 89 78 24 -10 58 83 26 -17 16 40 -9 32 17 93 -2 21 28 1 -13 33 88 100 47 91 57 30 13 -7 74 66 35 81 -16 69 2 38 92 -3 23 41 14 10 64 -6 48 62 0 50 22 95 37 44 99 97 4 43
21 94 93 38 76 14 -21 58 67 -7 63 68 7 2 -17 73 91 19 57 84 56 72 -20 27 16 59 80 11 8 74 25 -16 -3 -25 -24 48 50 66 89 47 49 -12 78 81 99 45 87 37 4 3 24 31 13 82 29 18 61 97 -15 96 20 75 0 55 -6 77 95 62 39 30 53
-18 36 88 35 16 41 24 -20 5 23 -6 65 49 18 73 98 -17 -16 19 -5 -22 29 87 57 42 -1 14 27 10 -23 28 51 1 25 53 55 2 8 44 56 47 93 74 66 -10 92 21 79 0 -8 -24 54 90 38 63 82 39 45 26 94 33 58 72 11 99 86 91 -12 31 -25 -11
-9 51 41 -20 -11 98 79 81 88 -23 70 -17 59 -15 32 -1 14 34 74 87 -19 -22 -3 76 73 62 61 35 12 37 -16 -21 31 96 -4 92 63 9 5 -25 48 97 56 25 89 23 64 -6 1 3 26 78 83 95 66 -14 6 8 11 68 19 22 -12 60 39 47 93 13 82 18 -10
62 -21 65 40 25 32 29 42 3 89 70 18 -9 45 56 19 60 97 -8 39 17 -10 24 43 73 -6 98 63 28 71 51 27 0 30 47 69 8 -13 -12 50 -11 46 85 -4 74 87 59 38 6 -18 78 33 16 68 67 44 64 20 99 -1 66 31 -19 81 -16 57 80 -24 -20 96 75
64 3 58 61 59 81 7 26 -1 75 -12 -25 69 42 10 37 95 -17 -21 -8 87 89 -16 91 30 13 8 27 39 57 19 66 43 77 54 -20 21 56 22 82 92 68 79 14 0 53 31 1 12 80 -22 50 71 6 86 62 36 -14 -19 -9 35 -13 46 70 -23 84 63 72 73 -24 25
100 79 35 73 -23 88 9 -14 61 27 99 14 83 28 4 44 86 25 -22 48 5 24 32 -8 97 10 49 23 72 -21 87 46 39 31 85 -9 94 15 92 54 26 -13 58 84 -7 56 30 52 -6 51 71 93 34 1 -4 43 -3 53 -25 7 62 63 90 6 -17 -10 67 75 82 37 78
43 -25 17 53 61 1 31 92 -2 99 39 19 35 83 -12 97 59 18 50 44 72 89 60 100 -10 16 65 36 69 32 41 -21 0 93 -8 8 12 49 10 15 42 90 70 30 87 -14 -9 63 54 -13 96 -1 29 -16 73 -7 6 74 75 -15 -22 88 78 21 84 58 51 24 -11 86 28
0 -17 64 53 -20 -10 71 -12 -7 8 51 41 42 63 36 15 7 60 77 -22 -13 32 -19 57 16 66 19 -8 84 82 -4 35 13 72 76 79 75 -2 -24 90 93 48 5 37 -14 70 91 58 85 3 -11 96 -9 55 21 11 95 43 -5 99 97 30 87 49 -16 88 23 83 62 80 92
96 54 3 42 57 83 -20 4 67 43 -24 -3 7 22 85 27 76 91 33 51 64 82 78 17 9 44 -25 59 63 -22 50 37 -6 75 21 93 -8 15 66 30 70 87 39 97 18 65 90 -18 14 61 32 92 74 100 72 -16 99 35 -1 -12 -4 79 1 84 46 34 48 24 47 -11 -13
2 76 8 24 29 28 -14 64 82 10 58 77 35 37 67 1 40 17 39 16 4 -13 31 68 -6 70 -18 94 83 91 -7 25 -15 44 47 78 23 -5 92 93 75 -16 -2 5 14 -22 100 81 13 -1 6 -21 32 99 63 34 79 -19 55 98 74 61 80 -9 89 65 45 12 21 -3 84
91 27 -6 -1 -19 29 63 48 98 14 97 83 93 62 26 100 84 69 8 82 31 72 44 33 59 23 65 7 40 25 96 88 49 35 9 -2 85 74 53 60 6 78 38 67 77 46 92 95 -7 -25 45 79 43 55 50 80 81 42 15 57 -17 -24 -23 70 32 52 75 -14 90 41 -16
2 99 -4 61 87 -14 35 22 -24 71 93 36 57 32 85 52 70 -2 77 80 9 40 18 49 3 26 45 -18 6 73 88 48 12 -15 25 65 89 31 96 69 -8 47 94 13 42 -6 76 -19 62 53 27 46 74 82 23 15 64 -7 29 -22 86 41 -13 75 78 81 11 -11 -1 51 -16
61 64 21 -20 -21 -4 4 9 5 83 -1 57 -23 80 -7 40 16 94 19 -9 1 33 37 30 -15 3 46 97 70 71 85 81 22 24 86 59 89 56 62 -10 12 -2 43 77 -12 -19 48 100 82 29 93 -14 47 99 53 79 87 45 72 44 78 91 11 -11 96 95 68 98 -8 6 66
59 92 79 89 -25 18 55 96 -2 -4 44 3 88 70 5 24 1 64 2 50 19 12 -5 69 49 4 78 58 51 26 16 74 67 73 40 56 23 85 29 76 68 -19 82 48 10 43 90 71 -21 98 91 97 65 -13 39 20 86 36 54 -16 99 34 11 -8 -24 80 83 27 9 8 47
92 -4 28 46 -19 78 75 51 -9 54 4 66 53 27 -24 41 19 67 45 79 60 97 36 77 70 11 48 5 59 23 47 -23 33 31 -21 -12 39 21 -7 -3 98 44 8 65 0 50 58 -11 71 43 15 90 49 -1 63 55 -22 82 89 22 18 99 -18 26 69 2 20 -20 81 -16 -14
15 50 44 93 37 -25 98 -7 17 71 -24 70 90 39 62 0 88 -19 6 31 43 91 -14 66 9 19 77 -2 34 60 42 46 -10 67 -16 59 81 41 78 3 -21 -3 87 36 27 5 23 58 65 89 80 52 22 45 29 99 8 14 79 35 95 32 86 74 72 2 47 -5 24 -6 -9
61 -19 -6 99 39 40 22 -2 -22 64 83 37 -20 3 31 76 35 11 -11 -12 67 32 6 19 87 -15 -17 18 70 4 33 16 -1 100 54 68 -9 14 79 90 91 25 27 75 85 88 78 9 46 36 15 8 53 -25 81 28 62 98 45 71 93 -10 -23 43 10 82 -16 55 97 -3 -8
56 -1 52 34 45 33 54 2 19 49 90 11 76 61 1 69 99 -25 84 57 22 70 93 100 5 21 -17 62 96 83 18 3 17 -6 94 31 91 58 41 8 75 50 23 35 42 38 77 89 72 -24 95 92 98 59 47 80 25 -2 30 87 78 13 68 -10 -23 -5 97 -22 -19 53 86
9 -19 -7 72 75 76 34 82 91 -10 -15 23 -12 77 96 63 39 -21 18 19 53 93 44 -23 -2 99 98 15 17 -9 59 7 6 31 12 74 58 8 33 16 -16 -11 51 -25 86 73 97 14 10 -8 4 56 68 13 60 25 48 -20 -18 35 78 20 49 43 1 67 54 100 94 87 62
40 62 -24 10 56 80 68 45 11 77 93 5 13 -2 97 19 -8 47 100 18 43 -4 25 -10 7 98 20 53 16 73 -14 76 -11 89 60 65 84 83 6 57 69 59 14 90 -20 96 -25 78 21 91 -13 38 70 30 58 81 9 27 28 37 54 51 -16 -22 33 92 4 -6 -15 44 85
69 61 13 46 91 -25 -9 82 -17 64 75 -7 -8 70 76 -19 33 47 74 5 18 4 -22 50 6 79 2 34 44 16 38 30 89 9 -20 71 57 60 24 3 -16 39 7 90 11 99 35 36 -10 -1 52 86 59 49 28 67 14 -11 88 68 -5 84 66 -2 32 100 21 -24 54 73 77
19 -10 90 93 65 1 62 83 -14 57 86 91 58 52 -21 61 13 55 -13 22 68 92 99 56 67 66 73 10 -15 16 100 5 26 54 39 70 53 78 -25 64 76 87 21 95 44 -4 15 -16 8 40 46 33 84 80 59 98 0 -17 24 4 -5 23 25 94 14 43 -8 81 -3 -7 63
69 43 -9 92 -23 4 21 95 49 51 -10 40 41 97 26 94 22 39 63 29 86 30 -11 -1 20 88 87 -22 59 47 45 80 61 100 58 25 77 78 23 1 -20 19 7 71 83 5 35 0 74 68 91 -3 99 42 85 52 37 -19 -17 -14 96 36 98 84 14 66 67 34 -5 31 15
42 40 70 -19 -11 9 93 84 72 58 66 26 -17 63 21 -22 41 62 81 83 87 86 90 36 99 8 55 39 56 12 45 -6 -8 3 43 -9 51 57 -24 19 94 28 -23 61 54 -10 -25 22 92 100 85 52 53 13 27 71 -18 46 82 97 0 -21 5 48 11 96 20 37 65 73 74
28 18 5 46 55 -8 74 31 44 98 22 25 29 2 30 68 63 51 99 24 53 9 96 72 52 6 20 33 -13 85 19 70 48 16 -10 56 -11 91 50 86 1 10 0 23 39 -3 100 -5 8 64 -18 14 49 27 69 -6 3 -20 80 54 11 42 -23 62 87 7 83 12 97 88 -15
-18 58 26 -16 50 -2 87 30 98 69 63 48 -6 32 15 36 96 46 78 -23 57 -13 17 71 77 37 40 61 35 20 45 70 82 13 72 -22 73 38 91 55 6 84 49 -21 94 1 -15 18 0 31 68 43 56 93 9 79 -17 54 8 -10 -25 95 -4 16 86 -8 59 53 14 85 62
76 97 84 0 51 74 -10 7 81 -14 1 -3 75 80 41 56 14 18 -11 -19 19 92 85 -12 54 43 22 66 40 99 39 31 71 -20 23 83 64 -24 82 55 68 94 77 -4 67 79 91 9 37 48 57 58 61 -25 6 50 88 90 60 78 44 36 2 24 49 -6 70 13 12 20 -15
88 91 92 72 74 -8 93 61 38 -16 -21 45 -18 5 97 99 51 -23 21 32 78 -13 -2 60 13 54 73 66 86 82 81 31 33 -10 68 53 64 85 7 39 16 -11 90 1 43 95 22 8 -1 17 67 -22 6 47 71 79 27 -3 70 76 49 57 87 75 59 -24 89 84 56 -19 58
53 -24 92 76 18 -13 58 34 42 77 90 15 25 39 94 27 89 35 64 2 86 44 54 82 33 91 56 50 68 30 51 -4 55 61 0 43 88 23 65 78 5 -7 -17 87 -20 19 69 -18 -14 12 20 74 -1 -6 81 95 83 52 70 32 -10 66 -19 -22 -21 62 -25 22 4 57 85
-3 99 58 37 64 -14 43 68 -16 -10 10 72 32 45 31 -9 -1 46 21 -22 86 69 33 40 56 83 82 85 47 52 79 65 50 -19 30 55 90 97 12 26 44 36 -8 0 51 7 3 61 48 -4 49 75 91 42 74 6 71 62 93 95 34 9 14 81 27 39 28 89 16 23 63
-19 -18 -1 19 52 69 57 -25 92 64 16 49 10 5 77 87 4 48 82 97 45 47 62 -3 43 80 79 23 -16 -8 85 96 18 -17 81 20 93 35 54 28 3 -22 73 25 71 -11 12 91 63 24 56 98 86 59 -21 -15 27 76 34 0 75 84 -23 94 100 -24 33 14 9 41 -10