60
60 53 -20 48 39 -12 82 91 97 44 55 40 36 34 -24 67 29 19 1 85 -10 8 79 66 35 50 100 23 69 15 24 77 80 -5 96 -16 21 86 78 70 -21 -25 14 26 52 2 9 88 -17 -11 41 64 65 99 30 56 16 -15 68 17 90
-20 80 2 50 91 -22 41 72 11 14 0 56 13 38 49 -18 -7 58 16 9 4 81 -19 24 1 74 10 -10 75 62 61 59 96 34 86 97 78 98 37 94 -21 40 -8 19 6 51 -5 15 44 22 99 -23 -24 -4 -16 42 18 87 82 -14 90
82 -6 89 43 48 63 74 28 8 100 37 77 64 75 41 16 94 34 -24 56 -15 46 -2 -18 -14 -19 66 27 84 19 81 18 -7 97 88 83 80 -21 91 68 61 7 21 32 25 -3 -25 -4 39 87 69 95 1 -8 15 5 60 57 -5 50 22
24 18 61 -2 -25 -13 42 -12 86 85 21 43 91 31 34 92 99 83 48 -19 63 0 -24 46 51 7 44 32 64 93 69 -9 65 3 -15 29 5 -6 28 59 2 95 50 -10 45 9 13 87 22 97 80 -1 20 6 73 71 27 30 -4 76 33
-12 1 94 35 -20 -10 11 39 14 87 75 78 7 59 30 86 -15 -16 -14 22 48 51 68 63 16 97 64 -23 32 45 33 47 46 20 85 38 65 -7 -19 90 3 4 50 44 2 89 18 43 28 74 58 99 10 88 -5 93 61 70 -21 -8 -17
68 1 -1 64 100 52 -11 -22 -3 -8 26 24 0 40 19 98 67 65 60 5 6 77 34 -6 56 18 20 -19 -14 15 2 97 38 89 76 95 45 54 17 96 16 28 33 30 29 86 35 -24 -15 82 -25 48 46 62 84 -20 90 -2 59 11 13
77 4 66 37 10 28 48 -20 84 23 -13 12 86 29 7 71 67 96 16 0 38 69 78 -14 15 -19 61 33 100 90 83 72 19 13 93 -2 44 18 39 75 22 14 -21 73 -15 -7 88 -4 99 24 21 42 9 55 -18 40 57 79 -5 56 30
40 70 92 -23 99 54 -8 34 96 -6 94 8 97 67 13 7 27 -19 21 73 23 84 51 72 -5 74 16 36 32 58 12 86 26 -4 -17 24 10 41 -13 81 98 71 -3 9 -18 48 80 -20 11 69 31 28 76 25 -11 30 91 44 78 93 -9
14 71 20 -8 17 99 13 0 46 -19 57 52 65 -6 32 3 100 91 66 30 90 55 11 88 79 19 93 10 38 35 43 -3 49 1 87 -1 -15 -5 15 24 36 25 -22 -18 -13 54 60 44 2 -4 77 42 68 -21 18 82 84 5 80 -12 -11
16 46 22 86 77 44 23 -8 63 -11 94 33 32 31 -9 27 -25 93 55 2 6 39 -4 29 50 -6 -21 48 -10 -2 95 -7 45 49 85 -1 79 83 76 52 53 56 -19 84 65 -12 70 88 62 38 37 28 54 97 -24 61 7 81 24 98 15
71 98 77 54 100 2 -21 18 99 9 55 -1 83 80 56 70 17 68 5 50 42 95 39 28 87 19 34 -11 65 74 46 63 15 -25 48 40 21 -22 41 91 24 -2 85 69 -18 4 51 64 13 97 30 88 81 -8 45 3 57 16 -15 53 -13
-8 56 3 57 30 96 59 60 67 23 -12 90 8 5 42 2 66 -10 63 34 28 85 39 82 18 -24 -19 44 84 55 20 50 16 36 79 52 6 32 40 53 -15 9 41 -23 83 24 14 46 93 86 7 73 1 -11 10 -21 74 72 -4 64 -2
-22 89 75 38 29 97 36 21 51 99 -24 80 95 -5 73 -23 15 19 -8 85 67 54 82 71 61 -16 72 18 0 1 98 68 2 -12 42 94 81 -19 -13 -7 -20 44 20 13 -2 65 12 -15 63 26 66 30 28 34 70 -1 90 -6 100 -10 37
12 95 39 -5 -22 -15 48 86 99 80 79 -17 -14 84 97 10 61 3 47 34 53 -13 43 88 -2 49 23 65 98 93 60 26 62 56 59 -16 81 7 85 78 76 50 -20 87 5 -25 69 -3 29 75 68 27 24 42 46 13 57 71 14 74 45
-1 7 19 93 56 2 3 76 18 -25 60 95 89 -23 52 9 -3 59 69 29 79 67 82 11 24 44 -15 66 33 40 -5 86 -21 -10 32 74 78 39 68 13 71 -13 -24 0 16 64 53 65 43 58 100 8 55 91 12 81 -20 72 94 41 98
1 43 18 84 -2 42 99 60 17 -16 66 64 56 8 35 10 81 13 70 94 25 20 100 16 67 -17 14 75 44 7 -25 88 86 26 -15 62 -24 11 -6 22 34 69 -10 90 51 83 -14 78 98 -11 -19 29 59 93 31 39 -21 61 -22 65 -3
8 -18 53 92 93 39 73 55 83 9 99 -17 88 7 -22 -16 89 14 90 -1 34 23 -4 57 91 -24 0 -10 6 22 58 1 52 77 45 66 11 -23 95 49 20 26 -5 4 65 82 61 56 -7 32 87 33 13 86 -8 100 60 70 96 69 48
-20 36 93 27 74 -9 73 43 61 -3 98 -8 60 -4 99 72 -24 16 -11 -18 42 17 -5 41 48 85 67 94 21 -14 5 38 54 0 6 -16 62 78 89 25 49 82 -15 -7 7 22 83 87 35 -12 1 -6 32 -25 24 -23 34 37 -2 53 -10
-12 25 26 18 61 68 66 77 45 57 85 81 91 -20 -22 -2 37 71 43 38 49 64 32 44 3 58 31 -25 -23 0 -18 95 34 88 27 52 -3 11 90 73 8 22 12 62 -1 56 20 100 96 89 29 -4 -17 7 30 14 47 -15 83 -10 -8
6 -2 20 -17 1 -23 41 4 31 10 5 -13 60 7 2 87 65 40 0 17 -16 82 16 84 77 62 52 78 96 66 24 76 -22 -8 -12 59 48 -9 3 -6 73 27 -10 72 -15 44 83 98 29 61 26 -18 -21 21 28 35 89 34 71 51 55
18 30 17 4 -9 83 16 41 22 -21 20 -1 2 85 51 7 49 -12 10 62 -15 92 -20 93 -22 8 -19 56 48 94 36 84 -18 61 -3 37 5 -11 -2 -5 52 57 31 34 81 12 33 65 -16 58 74 100 -25 9 0 -17 63 44 -6 -23 35
-25 47 75 28 12 62 54 -4 17 9 25 -13 -5 1 49 -18 84 50 55 85 90 22 63 58 53 96 18 71 35 44 -14 8 59 11 67 -21 51 38 31 -6 77 21 33 66 92 57 -20 68 30 41 -8 13 24 99 10 4 82 65 -10 -24 26
4 5 -24 35 49 99 92 1 95 90 -8 -15 91 85 76 -4 -5 65 89 6 -18 62 8 33 -11 -25 7 75 79 55 57 -21 30 -20 -17 45 64 56 0 11 54 21 2 74 31 60 48 81 46 -14 98 86 59 28 16 13 47 14 93 -3 20
33 13 10 -12 38 29 52 96 91 35 23 34 -23 8 74 47 26 21 53 93 -20 -18 60 89 90 -24 43 45 27 41 -8 -21 2 -25 84 85 66 46 4 -6 48 25 -15 55 -22 86 24 95 92 75 71 18 50 -7 56 6 100 62 76 -19 -11
2 31 78 38 91 44 7 46 -13 40 97 94 -3 76 0 98 47 99 92 -25 80 43 28 74 57 -20 22 65 26 37 72 89 88 20 61 69 30 48 -5 34 93 70 9 87 -1 64 15 35 -7 42 56 85 51 36 -18 55 77 33 12 -4 11
-21 43 12 98 65 10 46 47 -4 89 -15 -18 95 41 86 85 -13 68 63 31 27 -24 36 0 -12 26 42 8 3 -16 -22 5 21 49 14 13 -14 33 4 17 28 75 6 32 59 50 -20 96 92 58 -1 19 34 74 67 70 20 40 -23 79 -6
75 78 63 86 -15 9 84 93 70 -19 -23 67 59 -20 42 94 -5 49 -16 23 -1 24 64 35 91 80 47 54 -25 90 43 34 48 27 -22 55 32 14 17 44 76 -11 88 -7 51 40 10 99 38 -14 57 61 -17 74 -3 20 21 -18 36 62 41
41 -1 85 90 0 65 56 15 22 20 46 -14 83 29 -7 58 25 -11 42 1 94 26 -22 12 78 -13 86 59 31 93 34 47 68 66 70 55 52 72 -18 30 24 48 45 61 13 7 91 44 98 64 49 -6 96 32 4 69 73 75 63 82 39
40 -12 88 -11 -22 -13 11 55 26 44 -6 42 85 4 98 43 83 56 92 69 91 -5 7 -19 1 37 39 80 25 51 96 17 90 59 3 74 20 50 -21 -17 31 95 23 68 77 62 66 48 -14 36 54 45 12 29 64 -18 14 -20 87 35 16
-21 9 24 88 77 -4 -5 11 -23 -2 58 59 72 41 3 8 92 87 97 17 26 46 40 -8 96 42 80 70 86 56 100 -9 7 -20 98 93 30 19 51 89 36 75 90 94 73 38 62 -14 66 63 25 54 37 61 95 -6 81 45 5 21 -1
78 83 11 -9 39 30 13 64 15 57 24 56 81 97 82 -7 3 67 14 -5 25 31 -21 -8 4 43 1 -15 -11 19 52 94 35 61 59 90 88 48 77 17 37 34 -14 7 51 -25 36 10 65 -1 44 20 96 72 22 85 9 47 69 74 76
45 39 2 66 78 37 46 32 -19 51 83 55 7 79 92 54 69 88 -15 5 90 35 58 98 0 68 -13 12 93 67 -12 63 42 57 82 29 76 30 71 47 18 -23 56 13 10 1 81 -14 53 99 65 26 97 44 91 33 -7 74 -22 -16 72
29 62 -13 18 57 36 99 95 46 -3 20 50 -15 39 -23 40 47 98 88 -6 -18 -17 1 100 64 23 82 63 49 70 54 32 75 -10 21 15 94 48 12 -24 37 43 66 74 35 78 51 52 68 69 42 6 67 80 58 3 28 10 13 0 33
15 88 -14 81 89 40 8 -19 58 52 29 5 96 76 64 86 11 -24 41 99 55 87 -5 72 -6 -20 18 -16 36 14 51 9 77 39 12 53 3 4 20 78 60 -7 66 80 38 31 37 90 32 -12 71 63 -13 93 73 50 22 49 62 57 6
86 75 19 25 48 62 69 37 6 53 -23 4 16 92 -9 83 67 -11 20 5 17 88 27 24 -21 94 14 36 89 -19 74 39 -2 79 9 42 15 -18 -25 45 26 -20 64 32 99 98 76 10 22 23 95 84 51 85 49 82 -5 47 87 -8 -12
2 75 28 5 32 35 87 96 60 -13 52 81 34 12 9 100 22 77 26 -19 91 46 45 55 -2 74 27 -5 86 29 89 -12 -18 70 -25 21 -16 -7 -21 -14 98 65 -17 80 90 94 -20 83 76 47 13 11 39 72 67 -15 -24 50 16 37 19
66 -14 59 3 -17 26 99 63 74 -19 43 8 28 23 -4 98 86 79 9 88 -13 1 90 92 46 69 93 94 5 24 73 31 -25 82 -11 53 -12 56 48 -1 34 64 60 -9 32 21 51 78 29 67 47 76 25 -18 49 84 50 70 -23 38 35
76 74 60 43 51 22 2 -21 85 83 89 56 37 5 -4 36 -18 -24 3 62 98 -7 78 8 0 -22 50 67 21 91 46 34 54 55 -9 10 53 59 23 33 73 -13 14 -20 20 24 -15 -23 87 -8 92 79 84 -14 61 27 16 100 1 32 96
-23 86 -13 16 84 95 38 26 -5 74 20 61 69 96 18 72 91 97 52 13 -20 45 75 73 43 68 24 67 48 -3 11 10 77 15 -16 35 66 4 42 79 89 2 -18 93 76 22 27 -7 62 29 49 32 17 87 33 50 -1 51 3 -4 19
-21 99 84 76 24 20 56 0 43 61 -13 41 51 92 49 -4 -17 26 80 9 55 -24 -10 69 95 -23 78 19 86 57 3 7 21 -1 -18 98 -8 82 5 31 85 66 96 59 52 13 65 67 -19 58 25 90 -25 34 47 68 63 79 40 23 33
30 64 -14 36 16 -8 24 67 39 74 -15 -19 40 56 6 80 52 -17 -9 -11 33 58 47 23 97 69 73 71 -4 50 27 -3 59 44 76 22 1 20 11 9 21 13 83 91 10 -16 34 -7 53 62 99 -22 -25 2 60 15 96 26 14 98 86
88 89 20 -7 -22 -8 38 78 1 40 -15 48 44 32 -20 -18 -13 83 68 4 86 23 -21 61 39 34 97 37 35 77 60 84 92 25 24 3 46 -16 82 12 0 72 93 76 29 36 90 66 79 52 73 50 -19 81 -11 -3 -2 -17 -9 56 33
18 92 56 -1 98 67 36 63 2 43 -4 57 -23 88 85 86 4 3 22 48 69 60 47 -10 30 -8 44 70 34 1 -17 35 8 77 13 28 96 71 93 46 91 37 99 20 10 39 -18 42 40 29 25 76 58 32 -25 97 27 55 94 -6 9
19 98 17 62 38 47 25 28 18 59 -13 36 68 88 35 78 60 69 93 27 49 80 44 87 56 6 96 -4 53 100 64 14 15 -9 -5 -22 77 -17 43 -20 20 33 11 79 -7 66 55 5 81 99 94 65 31 -21 85 13 32 50 1 45 70
-25 75 41 7 4 26 38 -15 2 -8 66 -9 -19 48 5 37 45 -16 12 69 67 57 71 -4 95 65 68 52 80 42 13 -3 54 34 86 30 -20 8 82 73 83 21 -13 -6 61 58 33 55 -14 91 35 93 88 96 84 90 89 23 31 -5 63
1 77 6 55 92 70 93 -16 59 -2 79 -20 30 61 37 51 26 -22 -15 96 76 29 -14 -10 54 52 73 99 69 -1 60 22 18 78 32 -18 98 14 71 95 44 27 46 33 -24 82 88 -8 11 7 68 66 28 2 89 16 12 -4 -13 74 35
-20 78 42 88 8 -9 26 36 29 83 100 -6 90 -18 86 57 34 84 11 0 9 20 67 -19 -2 -13 -8 2 31 -23 98 82 91 -15 97 -7 -12 73 18 25 54 -14 93 55 43 51 62 28 24 46 89 81 92 76 -4 69 64 71 35 30 94
96 0 -7 18 91 5 22 -4 61 62 -1 55 -11 14 82 87 2 76 24 52 36 -25 37 74 94 9 -2 98 56 84 -17 89 -9 -5 11 51 99 23 97 -13 60 1 31 41 70 72 49 12 17 45 68 13 -14 -6 26 -23 93 34 -22 66 8
76 64 36 4 77 -8 65 51 72 15 38 8 73 97 -21 47 -22 91 60 78 89 94 13 35 -2 23 2 41 22 -3 -19 43 26 19 21 -10 32 -23 66 82 87 95 90 -17 -5 49 1 44 40 12 18 92 67 42 100 34 27 79 10 7 83
28 88 9 38 92 -20 96 24 39 19 86 70 -21 89 41 50 -13 -4 -12 57 72 3 -24 -7 87 -15 77 35 -2 91 -17 58 32 -25 0 -8 53 2 63 12 43 99 21 -10 33 -16 45 11 71 31 -14 69 54 66 60 25 47 -1 7 1 94
63 10 36 96 50 59 9 52 80 -22 -10 93 79 86 48 39 68 -18 -2 19 -15 17 23 6 76 -24 38 69 75 40 -20 77 98 72 42 84 22 18 95 100 3 37 -9 43 -7 -3 31 35 64 70 5 7 27 65 -8 55 71 99 90 34 -1
13 -20 -1 -18 44 54 41 64 36 100 82 31 40 27 86 -22 58 -15 47 23 89 -9 -14 84 91 6 42 -4 90 92 43 7 21 61 79 -10 56 97 -13 74 25 63 85 -23 49 59 -8 50 77 51 -12 73 -24 11 94 39 48 71 19 2 14
38 -16 63 71 75 43 60 7 96 10 70 17 98 82 88 69 100 -8 72 23 24 -11 8 67 27 40 13 -23 32 55 95 89 29 16 46 28 49 80 2 11 99 59 -15 1 22 -21 91 19 77 30 18 41 -10 64 94 84 81 74 9 0 86
30 -19 40 10 81 13 -8 -20 9 -7 75 -14 -22 79 -11 18 48 -23 72 76 16 27 14 97 -5 49 74 42 51 29 94 37 99 95 84 20 65 59 -16 21 3 -1 58 53 38 23 98 -17 92 34 43 60 32 87 88 100 -3 -18 73 4 33
49 78 16 99 100 -17 75 -5 37 52 88 25 72 60 -12 29 1 -7 -24 19 -22 -25 68 15 90 92 46 30 86 43 71 -4 96 -19 6 -23 89 79 -6 26 -10 5 67 94 70 24 9 41 14 97 56 10 3 54 95 -16 -1 45 82 65 13
68 -9 46 -7 15 69 28 -10 49 97 32 -6 56 25 -24 -11 10 -23 -8 64 44 14 -22 82 -15 33 62 -17 84 72 11 60 85 80 -25 87 55 95 29 -1 86 -16 67 5 -20 0 71 17 73 83 19 16 -3 3 42 27 41 51 43 37 79
36 -4 33 93 18 89 60 100 87 -14 84 19 95 47 8 37 -13 88 -19 -17 27 81 71 80 41 39 30 64 25 -15 -20 57 66 92 43 70 90 94 65 67 -24 -23 15 82 10 6 -11 79 98 96 -7 -5 34 99 22 13 32 0 61 3 45
98 32 74 -15 20 22 85 12 52 72 10 63 -4 2 34 23 73 -10 79 94 51 83 14 18 37 56 78 92 8 -24 15 -2 55 -5 48 3 46 16 -3 41 9 86 5 49 87 -16 93 25 77 39 44 53 96 50 -18 -1 61 33 90 -9 28
75 31 32 52 21 94 -10 -1 -22 58 91 7 85 -23 54 -14 39 70 59 84 69 44 92 55 11 72 26 -9 60 19 -19 80 17 29 98 -18 33 -12 49 30 61 0 8 62 18 43 15 20 5 40 89 -13 56 63 6 -15 4 -6 99 -11 10
-22 8 96 -8 -15 17 67 47 46 87 6 -18 53 27 -25 32 75 95 78 36 85 -16 69 12 16 10 42 22 -19 40 -10 21 -23 44 -5 52 54 -7 23 3 0 66 60 80 86 56 43 30 35 51 63 -2 33 49 20 -4 41 58 71 62 7