30
21 8 52 -16 73 25 47 3 -3 -1 44 62 57 61 45 35 42 24 22 -6 63 26 17 -15 56 10 -7 9 60 -21 53
50 54 9 17 56 -8 27 46 16 -22 45 53 39 47 68 -25 32 48 21 -5 -20 -9 24 3 52 73 58 -15 49 72 36
65 26 62 49 -11 32 74 -6 63 16 -17 56 22 55 31 0 19 -10 8 -2 66 51 46 10 39 24 70 50 34 18 60
-6 15 14 68 38 18 7 8 23 35 2 62 0 -20 -23 5 33 46 59 74 36 71 9 63 -19 42 -10 13 22 -11 47
30 74 13 1 52 75 71 26 12 11 -5 -8 0 20 38 -3 69 44 29 51 36 53 66 -16 2 60 41 21 50 68 -19
22 66 70 55 57 -17 -19 0 24 19 74 -9 40 63 -10 35 3 -11 17 -2 7 52 72 36 -14 37 -3 -23 42 -15 67
9 23 2 -5 -16 20 5 54 53 25 73 58 8 60 19 -20 37 45 42 10 15 18 17 -3 74 59 70 72 48 13 63
42 -22 -15 38 -11 -8 45 64 29 41 57 62 -14 5 -16 -1 75 7 36 10 46 -20 34 -6 55 -25 18 8 72 40 -12
-2 19 11 -24 51 -16 28 -12 -15 34 66 -1 16 22 24 13 72 17 -6 37 58 5 61 64 -9 68 -14 30 50 26 52
32 59 12 -20 54 8 16 30 -1 58 34 45 44 25 13 10 62 3 -21 -25 35 26 36 73 51 9 20 31 39 47 -4
-12 61 -16 -9 -15 42 -17 27 66 -1 68 43 -22 70 34 -8 1 2 55 -7 40 58 -4 7 45 46 -21 35 19 -19 67
6 45 44 32 35 21 38 49 0 -20 70 -2 8 56 -24 54 -8 -11 -13 52 50 14 72 48 53 -14 43 -23 -21 2 -9
26 21 -3 12 51 38 -1 28 -25 30 32 45 -12 -13 53 -4 40 67 44 5 42 57 18 -15 -22 68 9 62 25 -10 14
-24 29 30 -15 -4 24 58 61 16 67 17 -14 -1 26 55 34 -17 7 27 53 6 49 8 -7 14 69 52 -16 -3 68 -2
75 -17 32 30 -14 48 -2 52 25 57 64 70 58 17 68 44 51 63 -25 20 69 -6 54 2 34 50 -11 56 -9 4 14
66 52 -8 -9 -15 36 54 -1 57 24 29 -14 -19 30 7 70 55 0 35 6 45 -6 47 72 25 -3 75 53 42 23 -11
65 -20 -9 4 67 -24 54 -10 34 -3 11 -7 63 8 -5 -4 57 23 -6 53 73 24 49 60 64 14 -12 68 19 39 16
35 23 6 70 -24 48 45 41 55 1 40 25 53 29 -10 15 10 44 57 16 -6 13 -17 7 58 -22 30 21 -13 37 -2
19 28 75 41 -22 46 3 68 -10 56 -13 61 11 -5 9 23 57 5 -12 32 35 -15 6 21 -9 44 31 39 72 54 4
38 3 12 36 71 2 39 -15 74 6 63 -3 -24 -1 -18 13 43 -17 -4 19 73 -5 34 70 55 51 28 50 27 -8 40
39 3 55 -10 37 -6 36 51 -9 19 16 11 -7 -5 29 -12 -18 4 31 2 58 27 7 42 57 -11 70 28 52 71 -2
-17 -13 8 2 1 43 6 32 51 71 -19 27 -8 0 -12 57 -21 52 70 42 37 65 -9 23 -18 74 20 -4 46 66 53
-2 49 53 37 51 52 35 8 45 -12 58 67 -24 31 -14 -25 25 57 69 59 9 17 32 41 -23 18 6 39 -5 20 40
20 2 -22 73 -16 -10 7 69 39 37 -23 15 27 13 9 -9 36 66 46 32 -12 43 67 -8 49 52 53 -21 -17 8 35
21 18 59 -20 55 12 37 72 10 58 -23 54 68 26 44 43 53 -12 -13 67 69 -14 74 19 20 60 2 -18 33 9 66
45 73 19 25 53 71 -9 17 -12 34 -5 -16 57 -24 5 55 4 59 -10 -1 6 26 2 72 -7 69 62 28 -8 66 15
32 65 -8 56 58 -25 22 38 37 -10 15 68 24 -2 39 54 29 19 -24 73 0 26 64 42 -12 -3 -16 30 3 55 -20
2 -6 39 -21 -14 40 53 -8 17 48 57 63 9 27 -9 65 -16 55 24 75 32 -11 14 13 30 7 10 46 -7 1 -23
19 37 34 64 -12 71 23 58 43 31 46 -1 -20 22 13 18 -6 0 24 53 -8 30 -7 27 16 33 -4 11 8 -18 47
75 8 -3 67 54 3 41 22 57 55 20 26 -22 -19 -4 29 -10 -21 4 15 -11 69 10 -15 52 72 17 37 -13 32 23