20
-5 47 20 43 -3 51 50 46 12 53 38 11 -25 36 -23 25 -10 52 66 2 61
15 59 32 28 49 51 -18 -11 56 46 -9 11 13 30 58 52 20 4 70 7 31
-9 -23 14 15 11 51 -8 68 25 73 46 -11 -20 37 6 -16 -19 -14 -22 -12 16
71 75 42 36 -9 57 70 -4 8 60 -7 20 5 35 -3 -6 38 23 0 74 63
-17 28 30 32 -20 29 -10 -4 45 0 63 67 5 56 68 60 -19 66 -15 -5 38
2 48 18 -11 5 25 64 36 -8 73 70 -7 12 0 20 39 -1 16 -13 38 61
49 28 38 -9 4 6 15 -13 52 30 -21 0 -14 -20 72 33 70 58 46 -3 8
52 2 48 -14 37 8 21 5 -17 44 14 24 -2 49 53 75 58 62 -24 72 -11
28 62 0 54 53 51 19 -10 -23 12 2 38 42 15 29 -4 10 50 57 -1 56
50 35 5 38 55 -25 43 -16 61 44 1 8 42 34 27 -5 -7 32 31 -12 75
61 1 -13 56 2 29 26 0 62 3 46 23 -8 24 11 -4 19 -15 -12 39 52
-9 -17 53 34 3 19 26 8 13 10 67 71 28 5 9 65 -6 42 -16 45 21
36 -25 -21 17 -16 52 -14 12 24 32 -12 55 3 49 1 10 8 -20 54 15 25
-16 11 -9 13 55 72 24 30 -7 28 -6 -1 70 52 25 71 75 2 29 17 50
-20 26 41 49 1 35 12 9 68 -23 66 -6 62 16 30 44 34 50 15 -25 37
-4 39 52 26 -3 55 61 28 65 14 -1 57 51 -14 -19 13 16 34 8 45 54
4 -22 -15 24 34 26 17 60 -4 13 42 30 61 20 -12 0 41 -24 -17 -23 66
56 -15 53 5 24 -14 20 41 27 14 23 75 -13 61 -2 -25 2 52 -10 17 63
66 4 -23 37 -20 13 18 3 7 71 -25 34 15 55 35 65 68 -9 6 60 48
-22 42 -24 69 -15 60 10 43 23 6 -6 70 -20 -18 18 -12 73 -21 75 15 28