100
-17 -25 -1 50 -13 57 64 58 87 30 2 -16 0 8 73 53 -22 29 17 7 -7 9 -14 22 25 70 18 78 94 97 16 -5 80 68 15 98 23 -9 41 46 -15 43 -11 47 45 52 -21 10 84 33 -3 3 66 21 49 35 100 1 96 54 20 51 11 83 27 -4 14 44 76 99 19 5 -8 -24 32 81 67 40 -12 38 13 88 79 28 71 69 -2 60 59 95 -19 63 34 37 56 74 36 39 24 89 4
8 13 -13 54 -14 72 -16 68 39 -24 91 4 7 28 -12 29 69 18 27 61 -7 92 63 -11 62 33 24 71 45 99 87 82 -21 86 17 25 73 26 57 -3 93 51 94 15 -15 65 97 64 1 44 79 -6 19 6 42 14 43 37 89 100 59 96 10 90 83 12 81 -25 -9 58 -23 5 -17 36 30 52 -22 48 -10 9 -5 -18 75 32 50 66 16 46 -2 -4 76 40 -20 84 77 95 70 88 55 80 3
26 -13 24 89 -18 31 -17 62 4 46 66 -11 36 10 47 88 48 21 94 86 -3 -12 74 30 13 77 -10 79 28 57 0 98 90 49 83 -15 50 63 38 33 70 -14 32 60 96 27 82 -4 -1 -19 56 35 12 14 80 -7 7 55 58 97 76 78 -5 65 99 37 85 53 -22 52 45 40 59 18 64 16 6 42 34 9 100 -24 93 84 87 17 44 91 73 20 -23 -16 5 54 43 68 -21 67 1 19 -25
98 82 44 84 92 50 -23 -20 77 9 71 49 8 -16 -12 59 13 14 22 85 19 -24 81 52 1 72 -25 73 -3 -15 24 86 41 66 96 30 -22 47 45 -18 39 88 7 53 68 34 12 38 79 4 5 26 75 69 54 51 67 -17 -4 35 99 16 83 70 37 -11 -19 36 61 27 48 21 89 57 46 2 0 11 91 43 58 25 18 60 90 76 63 10 -2 17 95 65 3 42 -5 15 -10 40 -1 93 6
41 90 92 24 -17 75 49 94 4 84 98 -3 -18 -16 55 40 93 68 25 61 63 -13 6 7 80 20 -21 50 78 12 -9 15 19 29 45 72 -24 -7 13 -22 37 96 89 47 -2 31 71 67 56 58 -8 -10 54 88 43 95 83 22 51 65 34 -25 16 62 59 85 21 14 10 3 1 -4 82 -20 57 79 64 74 48 81 99 2 -5 70 0 91 97 -19 35 8 36 32 66 60 86 -6 17 23 27 53 33
-10 -13 -16 60 88 -21 84 -19 39 66 67 77 98 -6 87 94 18 35 19 9 -12 -14 89 12 5 17 83 -3 1 75 45 38 97 48 15 57 -8 72 69 10 26 14 51 -1 56 -20 65 -11 25 82 46 -24 54 44 -22 16 -5 6 37 49 59 92 -25 85 41 100 23 52 47 40 63 28 3 20 53 -9 99 96 2 70 8 -23 58 42 50 -17 7 71 11 74 -2 79 29 61 86 93 68 78 24 13 27
15 17 99 52 -13 -6 91 34 20 -24 24 59 98 77 -9 69 49 61 26 93 -12 72 18 10 66 27 86 25 16 14 -15 35 36 95 96 79 81 -18 76 62 -16 2 60 50 7 84 41 13 -17 -5 92 43 89 5 67 -10 56 1 83 -21 53 -22 97 -19 23 74 65 31 64 -23 38 0 46 -8 100 12 55 21 28 80 40 63 42 44 51 82 39 75 8 48 45 73 32 11 70 29 78 19 -14 57 30
15 48 30 39 8 -25 33 61 46 26 -2 11 76 64 -6 82 60 81 -5 77 12 10 88 50 7 22 98 2 72 55 73 75 49 41 -11 43 84 67 13 -20 28 23 38 99 -12 18 29 68 16 0 57 80 56 -17 -18 1 -1 -3 17 42 78 94 65 32 20 52 -8 74 14 31 86 9 93 71 -13 19 51 5 4 -23 95 45 69 85 -22 53 92 47 70 63 100 25 -10 3 -24 21 44 -16 27 40 89
13 7 90 -14 65 -16 40 73 63 78 98 57 67 -23 17 24 51 100 52 3 21 82 85 33 28 71 37 86 27 9 88 81 31 80 12 30 41 -13 16 89 38 44 99 -10 -17 95 4 54 -5 -4 75 -19 -12 61 0 83 -15 55 74 60 64 26 93 -11 -8 -22 43 66 70 58 96 20 6 84 -24 39 47 -20 77 34 1 11 18 23 -25 8 59 49 5 48 68 19 76 50 62 -1 32 15 29 53 46
72 29 91 39 2 -14 93 54 4 88 32 12 60 10 75 76 45 77 92 99 90 59 -25 94 50 69 86 21 97 -4 -17 5 84 70 34 19 7 40 41 100 16 17 8 -3 47 73 37 63 -10 95 87 38 28 -12 9 53 49 -18 46 35 -13 71 58 -20 64 61 0 -21 31 -1 25 -19 13 15 51 30 81 79 68 48 80 65 56 -9 82 55 -2 -11 -6 67 14 -5 6 -23 42 33 -16 22 1 24 11
-12 54 37 45 68 14 89 7 -22 40 11 86 46 32 -4 77 75 91 67 24 -5 100 85 59 52 55 48 -3 -20 -10 42 64 71 -9 28 -14 50 51 26 47 -6 -8 -11 -1 1 84 -24 -25 -15 -7 80 9 29 49 41 19 83 31 5 57 58 -18 8 69 97 -16 81 53 96 30 70 22 62 16 88 10 36 33 35 66 65 4 0 21 39 79 56 90 12 78 -13 82 60 34 76 92 -21 73 2 72 13
36 74 59 54 99 8 85 -15 32 -16 6 -9 -18 43 -23 97 33 24 88 67 29 -12 -17 92 9 7 22 39 66 82 49 -5 72 -19 41 80 16 87 46 52 -24 19 73 96 -13 48 18 31 21 10 47 -22 90 34 35 2 91 77 -25 -2 64 28 17 -7 56 65 1 95 0 79 62 84 14 -14 45 78 3 83 -3 25 71 89 42 98 26 100 -4 70 12 81 63 55 30 58 75 60 76 27 69 68 11
38 10 13 77 64 84 60 83 91 96 12 48 -13 65 90 5 40 8 79 92 94 68 26 37 19 -4 -25 -11 55 21 56 81 58 42 36 59 -9 82 72 -19 95 23 -12 33 29 -14 34 69 88 50 -10 11 45 9 -8 -22 39 2 80 98 17 74 67 4 16 7 51 35 6 27 100 -24 3 47 30 25 41 52 -5 54 43 89 87 -6 62 -7 24 73 14 28 44 22 78 -3 76 97 15 1 -23 -17 61
37 73 13 -25 98 19 42 80 71 62 -3 27 92 47 63 -21 39 8 77 25 46 33 79 45 58 11 81 7 20 23 -22 78 -11 43 94 65 3 100 21 -7 75 40 50 36 9 -6 86 14 12 -20 -13 34 83 4 22 6 93 74 64 -24 -19 -5 38 95 -1 44 -12 49 96 -18 54 61 -4 26 -8 0 90 57 2 59 5 -10 70 72 82 32 99 -23 -14 76 48 10 69 66 -16 84 89 16 53 88 15
8 40 38 36 50 14 3 64 -24 21 -19 19 -11 -20 68 28 91 -18 23 57 22 47 49 48 96 82 24 45 -5 60 84 -8 9 90 0 -12 88 7 46 89 34 62 74 63 4 -3 20 5 61 30 73 -13 -7 83 27 42 77 86 81 -23 11 71 -6 66 17 10 67 31 52 -15 1 51 29 53 58 13 72 39 70 -17 97 -4 35 55 -21 44 59 25 -1 -25 15 6 33 92 -22 43 16 80 65 12 -16
56 39 40 47 82 -23 76 70 51 -9 -11 44 94 100 77 84 34 58 21 24 57 -6 -5 35 97 13 -14 17 9 42 -22 -10 -19 53 -15 -7 80 79 11 41 32 3 15 -2 4 16 96 93 0 36 55 18 52 75 92 -4 2 33 5 43 19 7 -20 67 -1 27 31 61 49 71 25 91 90 78 87 63 83 74 48 69 14 22 -3 89 30 88 -12 62 86 72 60 1 37 -16 -25 54 6 50 45 -18 64
43 59 98 88 55 71 94 1 68 40 89 21 24 53 97 -1 18 9 -15 -22 15 87 35 -3 92 65 67 46 -10 29 61 8 10 -6 -25 73 77 70 84 69 33 16 -16 19 38 -23 66 47 49 81 60 82 -5 51 56 57 83 37 -13 91 48 -18 -12 100 26 23 13 7 22 3 -11 30 62 -19 5 -21 78 -20 75 58 31 39 -17 42 99 50 17 -9 11 0 12 -4 -7 36 54 -2 32 96 -24 34 6
-21 -19 37 35 -1 2 55 63 -13 49 66 88 -2 65 4 94 -14 54 43 73 68 40 -12 28 53 30 39 10 71 36 96 14 18 13 82 9 58 67 25 47 38 19 89 78 80 29 74 -23 -7 79 59 34 24 8 -20 48 -16 52 60 17 84 12 62 81 -4 69 86 90 21 15 -24 91 32 -22 98 99 23 -8 26 20 72 95 -9 92 57 100 42 -11 -15 41 46 61 44 50 76 27 -18 64 77 85 16
12 69 19 96 82 85 50 97 -2 7 -23 32 -12 62 10 37 59 29 -14 45 35 31 95 22 56 24 -21 90 0 88 61 41 -3 71 36 9 74 51 66 100 38 -17 64 -9 2 40 91 -8 23 17 20 99 3 47 34 78 18 16 98 26 15 -20 79 1 83 25 63 -6 72 14 81 -5 -18 80 -4 30 73 75 -25 48 13 92 65 11 86 -11 43 44 -10 27 58 53 60 67 49 33 93 55 -1 -22 -19
21 -16 -11 98 -23 56 68 4 1 69 70 71 11 -20 6 9 19 -14 -13 22 62 79 41 100 10 73 48 -9 3 65 13 55 89 84 -25 20 31 44 80 58 49 17 29 -1 12 -7 24 94 0 72 86 -18 -12 57 92 14 93 38 60 28 43 67 40 77 46 81 75 -17 76 42 -4 78 54 88 50 66 -6 97 37 64 5 16 -19 -3 35 96 99 -24 63 32 2 91 34 59 7 74 53 -15 23 87 18
61 2 49 20 58 27 6 96 50 -25 32 23 -9 77 48 44 46 98 83 41 86 26 24 17 -4 -10 38 -17 91 63 -6 75 94 7 -11 1 93 100 55 10 -21 5 -24 42 74 14 78 57 34 -2 25 -20 -19 -8 30 97 8 62 56 71 33 11 59 80 29 95 51 99 -1 -7 31 66 18 36 53 82 40 15 -22 39 54 52 64 68 65 -13 9 -12 79 45 -14 28 3 60 12 -18 -5 4 16 -16 92
-6 53 49 84 -2 39 -25 95 -5 65 37 -9 12 10 19 67 22 0 58 72 2 59 94 81 -19 -20 57 89 -4 80 33 -17 15 -10 86 -18 69 62 100 23 24 7 -21 16 4 11 -11 64 3 87 -13 45 54 77 92 51 75 76 48 61 14 55 28 68 85 93 -8 71 46 1 17 78 27 47 74 88 -16 66 -12 26 90 9 60 5 34 29 36 79 20 25 -7 97 63 -14 91 96 30 8 98 21 -24
52 -5 -24 62 3 4 29 71 34 -4 60 74 45 19 97 -3 11 63 91 53 80 31 50 -23 -16 64 -21 94 58 -2 -7 26 55 43 66 86 35 47 99 100 54 36 20 46 28 9 40 77 24 16 79 -17 21 -14 59 -18 93 48 8 51 96 -9 -20 56 -13 -22 69 72 49 22 30 15 67 37 17 10 68 73 -19 -6 -10 27 41 42 -8 87 85 6 5 75 13 78 57 83 92 33 90 98 38 95 1
-25 39 -2 50 22 58 23 79 99 62 87 91 24 -18 40 -19 70 30 -5 77 -1 16 83 9 -8 -7 6 73 7 28 44 80 42 94 4 -13 -17 55 85 69 51 52 72 43 90 -3 2 1 59 36 64 11 46 68 8 20 21 60 12 10 32 48 76 -4 84 31 15 14 -20 74 45 19 38 -14 66 98 -12 37 53 -15 -16 33 81 88 26 47 65 96 -6 61 92 82 54 41 -22 3 35 27 71 67 34
36 44 79 30 -3 40 61 37 -22 49 100 -18 63 91 12 92 23 72 75 24 -25 83 31 -23 -1 90 35 5 52 67 39 42 19 86 32 -17 21 71 73 55 3 84 95 80 46 14 43 -24 18 -4 54 15 0 7 -9 70 26 50 68 -5 99 45 64 33 62 59 -10 16 41 94 48 10 28 29 13 93 60 82 57 77 27 85 96 -14 11 81 66 -8 2 -13 4 97 78 25 53 98 22 -21 69 1 -2
17 3 55 66 22 42 48 13 47 73 28 77 30 24 23 70 39 51 -23 63 69 -2 20 0 9 75 -16 34 19 35 -14 53 10 -1 94 16 92 86 67 5 -5 99 40 21 37 12 4 -18 -9 61 100 58 85 11 80 38 -3 95 -10 81 44 -21 57 29 46 18 74 -15 2 83 88 90 97 41 84 54 14 32 -11 -17 6 -12 -25 8 49 82 72 -19 60 7 78 43 -20 26 62 71 -22 64 -13 -7 89
59 99 0 24 65 -2 14 33 53 11 66 46 67 82 28 98 97 58 94 2 -22 81 18 16 15 25 12 73 1 9 61 27 68 64 32 -13 39 49 70 71 95 -20 84 4 76 89 -16 -8 56 62 57 91 -3 74 29 -12 42 23 -6 72 34 21 37 55 13 10 44 41 36 -11 -17 93 87 52 54 -21 -25 75 80 100 3 7 -4 86 85 26 50 60 -7 -24 77 78 47 30 43 51 -15 19 48 88 40
-23 63 42 -14 19 78 32 57 70 94 72 88 97 -5 13 -8 59 61 69 68 15 95 17 -24 38 84 4 44 -21 -3 67 6 51 -7 18 99 55 87 1 96 33 100 60 -4 82 90 56 -10 22 76 49 10 71 -20 53 -12 79 62 16 25 12 92 41 7 -17 -16 80 65 91 37 3 -6 20 66 85 0 46 -22 -15 81 48 30 -13 9 21 23 47 52 50 8 11 -18 40 -2 14 -9 -25 64 43 -1 5
-12 50 10 -4 14 100 -10 87 25 1 -9 89 71 82 37 66 85 44 48 -24 72 15 78 -22 22 91 2 79 -19 80 43 18 64 16 56 20 33 -5 98 67 34 0 -8 81 54 -2 24 92 76 4 73 11 -15 -21 49 9 6 97 -17 -20 7 74 -13 45 36 60 63 62 42 28 -25 19 59 94 55 -6 95 41 75 -11 70 8 -18 31 53 29 69 57 -1 -23 46 23 -3 96 68 83 93 35 38 51 -7
49 26 90 70 6 66 52 57 72 38 44 22 75 33 45 -7 53 47 -22 80 69 19 79 36 3 63 84 31 71 -3 51 41 -15 85 20 -9 94 95 9 58 30 -14 73 88 10 23 -16 74 32 48 77 50 40 87 -24 97 -11 25 11 5 64 -6 -23 89 96 24 -1 -21 -13 55 -20 15 43 7 100 86 65 21 1 62 78 60 29 61 -18 13 14 98 2 0 -2 18 42 37 46 76 56 83 27 59 93
8 21 55 57 -4 31 100 73 -15 62 -18 19 66 -10 82 -7 -19 50 20 6 93 35 56 24 80 96 -16 69 78 -25 98 47 90 52 84 -23 -21 77 75 14 40 2 45 -2 -14 9 -1 72 -5 27 15 34 89 76 39 -20 10 48 38 -13 61 42 99 23 22 83 17 85 26 67 94 86 32 25 -6 16 3 -8 68 1 0 -24 18 71 92 4 30 91 64 58 41 -12 51 44 49 63 12 33 97 81 -11
-24 54 60 96 43 25 -3 42 7 -5 76 -15 46 85 64 36 63 80 77 99 100 23 -20 94 58 6 -13 78 59 56 24 -21 -23 14 -6 79 90 12 -2 47 57 82 30 61 -19 -1 95 -7 11 34 97 15 -25 40 39 9 75 4 53 45 -4 48 32 28 22 16 50 27 98 -18 68 31 44 67 26 10 62 35 19 -22 0 49 1 71 -14 91 3 17 13 20 -10 52 51 84 70 21 41 2 93 92 33
19 80 4 5 3 62 92 28 8 20 27 77 -12 16 -6 -4 97 43 -13 39 84 31 -8 42 55 53 66 96 51 9 63 0 73 50 24 78 60 32 14 54 -23 74 11 67 93 25 35 49 82 85 22 -7 29 -9 -15 -16 98 40 90 81 48 -1 41 91 15 95 44 68 6 76 58 37 30 89 94 -3 -20 52 21 87 13 18 12 17 79 2 -5 1 7 -17 23 38 46 61 -21 47 -24 36 -14 86 69
-12 96 97 1 -7 -24 55 99 -3 29 -20 56 26 10 7 59 74 -22 91 -9 63 38 32 54 98 42 -4 -10 31 15 43 23 20 88 16 -18 -8 81 46 67 9 89 85 75 34 18 82 65 83 87 50 62 -11 79 49 -19 -23 4 8 45 30 28 35 95 90 66 5 72 94 -16 3 2 39 -14 22 47 48 -13 40 0 27 21 51 17 58 -21 60 77 76 41 24 92 -5 -15 -2 64 93 84 44 69 86
13 18 96 -2 -13 49 8 11 34 -16 75 94 59 43 10 47 83 64 4 68 41 0 -10 72 12 -21 53 -3 -23 51 70 -5 74 -20 -6 61 40 73 -14 58 84 37 71 26 67 9 76 97 19 -18 69 32 27 82 15 99 22 -24 88 20 45 52 42 62 56 79 24 -22 48 5 92 85 -25 90 1 31 7 17 63 25 57 -19 60 6 100 44 14 -4 -1 93 21 -17 29 -15 33 66 -9 98 -12 87 86
-7 -9 30 44 34 14 -19 94 89 -23 6 82 23 66 73 -5 74 56 35 -18 99 18 79 42 98 47 -8 36 -11 -13 46 7 70 92 51 26 68 59 15 28 -1 50 39 -14 78 27 52 81 21 86 97 72 43 -21 13 69 76 20 67 12 100 96 93 38 55 29 -12 -4 -15 1 77 60 -17 0 41 64 91 33 -25 11 -16 53 4 45 9 63 80 48 5 16 37 3 95 83 85 17 40 22 32 -20 62
29 12 -15 17 66 9 26 -4 18 97 -2 64 -25 77 45 99 -7 46 20 -20 -6 30 22 -21 1 19 100 24 59 58 5 63 89 10 62 32 90 41 61 2 25 -13 -17 82 23 27 -18 14 -1 -16 -11 71 53 52 49 78 28 44 84 48 -5 54 43 98 7 51 4 -24 37 65 -14 60 47 55 87 73 -12 86 39 81 88 21 70 33 -8 50 13 67 34 35 80 95 74 40 31 83 16 11 69 91 56
46 22 -22 -5 21 80 24 61 -24 89 -12 65 74 52 -17 25 18 59 85 45 56 88 29 11 44 97 35 91 16 64 66 81 96 28 48 47 62 0 90 7 39 42 -18 73 51 95 36 -23 6 1 -10 33 -16 -21 -4 94 -7 -3 84 93 -15 92 8 75 -19 63 -2 82 54 12 99 26 40 3 76 -25 9 15 50 83 72 69 2 86 -8 68 -9 10 37 23 55 -13 67 4 13 70 98 17 32 43 14
6 90 13 75 59 15 73 26 23 2 -10 77 -3 88 22 84 -19 -17 96 -23 -5 9 -8 36 44 -2 0 5 81 -6 100 43 47 97 51 93 98 31 38 -16 10 27 63 -14 25 79 86 -25 19 14 -9 92 56 61 60 95 72 85 -18 -12 87 -7 8 -15 33 55 20 1 11 66 30 67 57 3 80 42 50 89 -21 69 45 18 49 24 34 78 46 28 94 99 -24 68 71 -20 4 12 54 -4 62 -22 17
23 50 84 70 -17 -15 92 71 -4 77 40 -8 95 55 24 75 48 -19 44 63 8 86 39 18 37 69 -10 61 87 -20 35 65 91 66 -3 17 62 -1 56 53 43 -16 -13 12 -25 30 -5 29 7 73 -18 -6 3 42 19 -11 80 58 -14 79 0 88 46 1 15 38 97 -12 25 34 28 -24 47 90 -23 27 33 93 -2 67 32 21 96 22 54 78 68 2 14 11 94 89 45 83 72 85 64 -22 99 26 -7
-15 92 -13 16 31 55 -4 36 17 59 -10 91 1 8 39 -11 18 5 85 -9 83 35 34 51 73 -1 23 65 47 6 2 46 -6 97 63 100 48 60 77 19 20 72 90 21 41 88 86 -12 58 -20 32 11 87 0 75 95 -3 -25 67 37 89 22 78 4 24 10 33 13 -14 -5 -8 30 28 98 49 61 44 38 80 -19 15 79 68 74 25 94 84 50 26 69 45 -21 -22 81 -2 7 93 42 57 -16 96
0 13 6 33 77 15 9 97 29 55 48 14 23 11 60 34 62 3 19 37 28 69 35 54 -20 50 -1 -3 22 76 -14 84 65 -25 75 85 -6 31 -23 -13 10 -22 24 58 30 92 74 88 95 68 4 25 67 63 -8 83 93 53 71 70 47 41 -18 98 96 18 86 38 73 -17 66 7 81 56 64 21 99 82 8 46 -9 16 39 80 -24 -11 -7 90 72 -5 5 61 2 36 27 52 45 40 94 44 -10
18 0 35 36 58 84 16 30 -24 65 32 100 5 74 -10 53 37 28 -2 11 17 80 64 71 62 56 82 55 23 95 -5 -8 54 73 97 27 39 2 9 70 -18 -7 49 72 52 76 66 34 26 -22 63 92 14 -19 33 81 91 40 25 48 38 -14 88 -23 21 8 44 51 42 -1 94 3 41 69 -21 31 98 43 79 96 67 47 -9 93 89 -6 46 29 87 15 10 -3 -25 75 1 60 68 24 20 85 86
-25 -6 -8 40 11 45 6 100 73 7 -5 2 -24 47 -17 62 -14 25 -3 -12 9 29 -7 3 53 82 10 28 39 -22 31 60 -20 54 59 -11 58 -13 69 26 1 74 92 63 16 67 55 96 -15 12 35 21 27 49 42 -4 -2 38 5 56 78 24 44 52 81 64 51 86 41 36 97 15 -16 43 -10 85 33 66 88 94 76 83 22 91 70 87 14 18 34 20 17 -23 57 77 79 -9 98 46 30 89 13
25 14 -14 -3 72 48 -16 -7 9 61 28 33 85 -4 24 59 77 -21 81 30 -11 87 -12 92 1 27 88 -8 49 68 42 78 3 41 99 46 79 58 89 -19 36 86 84 56 -5 35 10 76 7 63 29 52 91 22 95 8 53 90 -18 47 -9 32 66 -13 4 100 16 83 40 69 17 5 -10 38 80 71 0 21 51 -20 43 64 50 44 -1 -23 -2 73 65 13 31 11 54 55 82 96 93 60 19 18 2
92 -7 4 50 94 96 51 39 -19 25 14 15 1 98 83 72 69 61 73 89 27 17 19 -15 49 91 18 80 100 97 59 2 -8 75 8 5 45 93 63 47 -6 40 28 -9 12 56 -24 -16 -23 11 65 52 -4 -13 -2 55 43 -22 38 95 71 -14 22 84 33 57 42 77 26 21 -17 82 79 34 -18 7 13 -25 62 32 30 99 41 -12 -20 48 -21 46 90 20 6 -1 36 3 87 -3 88 9 54 76 24
4 -15 43 44 72 -11 -23 15 11 41 9 82 7 93 -12 -8 -3 27 28 86 23 -4 61 91 22 49 8 99 100 94 -10 26 53 -9 89 -16 88 -18 65 -17 55 98 85 3 92 75 25 5 10 90 60 62 6 13 79 21 0 66 -25 -5 58 -14 64 -22 56 1 63 -21 45 59 16 38 -7 -2 37 84 19 20 34 87 12 36 -20 33 95 80 70 2 29 -19 -24 39 71 35 50 57 40 76 73 67 81
31 -6 83 55 -22 35 62 1 50 8 9 96 -8 53 27 0 2 41 51 48 77 71 3 -21 74 52 63 73 5 29 49 -20 22 26 34 -24 90 98 65 -25 80 91 -13 7 54 67 95 87 39 28 -23 4 23 61 82 13 36 93 17 57 -1 6 59 -17 94 -19 68 45 66 81 88 78 30 16 11 14 10 75 25 -2 42 -3 76 33 37 46 85 21 -9 -14 12 79 38 -16 43 58 99 69 32 84 92
63 -21 64 88 -22 40 -18 84 96 24 -12 70 7 -17 89 0 66 80 62 82 19 48 68 74 -23 29 -14 39 36 43 58 -13 -19 25 93 83 59 5 76 71 54 -24 95 1 72 -5 90 98 26 41 -9 -10 35 14 60 -25 49 85 52 69 3 -16 81 13 42 51 50 9 15 56 77 18 10 73 53 -7 -4 92 4 23 100 12 55 8 91 37 67 11 16 57 75 45 94 38 20 30 33 17 61 -3 46
-18 47 -17 -8 55 16 44 7 89 96 67 99 65 78 84 74 -2 61 33 73 54 10 50 45 -5 69 -6 58 92 43 -9 49 32 75 8 100 46 20 6 -16 39 91 87 79 51 27 -21 13 37 60 80 -23 31 24 35 3 -12 22 56 53 72 17 -24 -11 66 -20 -3 76 52 38 -25 98 -7 71 88 68 59 -10 12 36 42 77 -15 26 90 34 40 30 -4 15 28 64 62 11 86 9 -19 -1 97 4 48
217 48 163 133 372 304 455 422 289 177 277 260 213 288 336 233 57 174 344 175 363 190 346 287 69 206 261 178 112 169 350 212 44 70 93 443 351 176 223 441 43 411 155 438 168 286 381 118 161 189 291 165 68 386 382 166 359 237 257 272 317 42 75 371 221 295 167 245 224 187 109 88 390 138 305 113 431 361 436 421 290 173 338 297 376 67 403 124 426 105 89 416 201 430 220 82 251 140 374 65 149
79 258 247 378 71 414 115 369 289 104 292 380 443 213 137 143 249 177 336 170 262 65 399 437 99 250 98 222 309 108 164 450 318 162 314 341 110 73 365 174 123 187 379 178 362 432 41 293 116 288 227 434 427 256 294 176 244 271 428 377 215 155 67 72 303 455 436 392 297 423 263 451 209 321 409 60 52 246 388 91 280 329 447 310 363 134 356 240 320 194 445 208 371 159 343 140 218 203 323 367 277
112 122 389 371 238 49 359 240 321 138 215 336 90 320 176 229 424 383 55 102 216 349 224 145 239 357 263 175 66 167 70 425 431 414 421 440 331 247 219 305 391 248 195 188 284 456 381 444 360 314 96 142 333 376 82 337 218 271 221 125 448 173 42 379 107 52 404 352 143 193 280 257 373 297 99 199 166 418 254 423 38 63 150 292 249 35 39 103 279 434 45 255 438 139 326 168 57 50 380 169 282
177 168 116 194 217 359 284 231 120 98 60 221 254 274 76 446 146 186 59 97 407 351 302 442 365 253 110 287 344 81 388 193 348 128 314 103 325 174 429 85 372 411 200 362 378 300 172 437 102 255 443 340 333 420 424 132 350 386 268 324 329 124 450 69 141 130 42 211 363 277 122 456 391 453 353 64 183 50 41 387 105 133 127 39 157 345 454 318 267 357 234 35 368 66 223 55 191 171 402 288 349
128 406 275 316 118 133 270 386 225 374 338 344 306 177 391 310 410 160 305 137 116 74 144 416 53 273 46 326 375 205 327 281 156 308 192 451 385 442 311 351 363 86 379 360 234 456 286 147 314 188 41 259 113 425 337 157 154 106 339 142 254 253 223 376 413 318 124 420 95 251 309 382 298 266 323 340 232 342 333 437 417 55 252 331 372 415 407 287 48 414 280 178 97 364 174 448 450 446 388 397 109
363 382 155 189 265 188 102 35 222 278 334 294 98 142 138 428 444 364 96 266 177 141 432 440 285 352 386 422 107 374 144 367 161 277 187 379 195 116 397 214 394 127 103 409 441 202 225 372 190 153 406 165 455 139 420 46 151 276 321 55 404 399 99 226 133 254 242 185 70 322 149 324 249 194 417 293 415 163 371 330 376 247 421 43 217 358 261 384 42 38 213 52 307 65 381 343 395 258 110 44 174
108 53 77 120 182 421 316 281 125 92 73 168 294 276 414 439 319 234 35 55 387 112 178 415 306 103 441 181 131 95 395 355 365 404 219 349 159 302 208 71 151 376 350 401 275 418 366 134 44 119 357 49 407 451 362 56 214 433 249 216 250 224 126 245 326 314 312 308 334 177 360 52 116 185 83 373 353 443 385 247 163 438 54 431 89 184 132 209 139 346 317 344 160 205 138 133 145 51 347 437 193
315 430 82 396 156 331 123 74 73 302 455 164 362 181 148 320 66 378 120 274 269 55 116 38 312 226 391 177 318 355 321 286 244 294 57 277 258 450 155 196 453 340 285 247 168 106 143 213 385 41 449 211 199 266 125 200 442 126 238 349 185 256 189 440 239 392 270 191 278 394 63 223 259 194 248 161 92 424 439 299 215 188 89 104 107 204 388 282 338 60 369 53 265 224 314 350 323 337 140 446 401
225 88 247 323 140 403 280 327 371 260 312 410 120 172 440 430 372 199 211 169 160 44 394 128 168 347 337 99 204 73 188 48 425 177 52 70 55 150 209 264 257 359 357 444 326 422 197 278 161 331 298 451 370 261 246 436 307 344 317 276 56 186 193 401 47 391 340 375 412 63 165 90 151 65 274 420 234 244 125 416 385 189 207 381 390 339 296 380 353 224 39 105 400 341 86 408 78 270 216 361 213
124 165 437 113 260 63 395 77 141 159 307 452 76 400 189 195 114 201 420 444 140 86 106 284 202 102 142 227 123 47 374 241 208 221 270 144 129 217 198 180 143 345 409 196 172 233 96 153 440 209 90 320 52 78 367 372 371 239 338 66 402 53 38 74 191 80 446 380 232 206 61 304 125 355 319 280 94 204 259 364 286 238 298 291 133 435 134 322 245 194 147 419 369 55 220 429 161 411 154 450 46
229 344 418 183 223 448 112 236 265 389 187 207 71 261 405 338 110 194 100 124 85 308 203 395 106 313 143 260 218 352 368 66 387 123 147 202 444 174 189 122 312 359 335 234 196 419 376 427 58 325 135 237 155 227 370 233 215 93 98 363 179 337 246 204 345 300 190 137 38 349 369 329 413 362 429 181 424 410 62 342 170 330 171 74 114 48 393 254 104 433 158 420 397 334 422 208 289 411 47 44 292
233 445 278 358 271 239 109 342 321 351 140 424 93 103 435 248 382 257 394 161 333 421 298 384 326 331 409 403 385 338 212 58 279 450 38 292 232 148 169 335 285 45 428 99 167 288 65 259 363 64 418 341 287 348 412 305 438 362 352 63 310 39 91 144 168 96 106 119 37 364 60 323 361 300 150 59 297 340 277 185 219 127 329 274 236 307 55 402 41 433 175 54 309 43 195 165 312 251 159 143 354
195 329 164 291 448 132 244 147 385 111 221 178 437 363 386 384 156 167 449 296 227 417 56 237 251 185 383 140 413 257 362 238 220 299 262 187 322 387 435 155 223 116 366 47 37 142 334 414 312 258 127 375 141 101 353 421 407 154 325 73 408 63 182 106 447 279 280 297 342 388 345 179 410 263 65 431 57 422 418 51 409 313 200 344 364 420 311 278 352 160 203 143 157 159 338 376 122 331 427 402 190
102 248 302 184 283 55 435 278 39 88 249 59 307 115 254 174 338 140 47 444 219 445 347 405 377 80 337 176 294 224 425 293 233 397 237 339 40 296 147 333 133 321 298 42 353 398 71 447 197 406 153 120 240 157 431 393 313 387 438 260 121 323 81 179 343 154 192 209 279 132 178 335 146 346 139 128 207 432 222 349 319 427 345 229 304 450 252 82 443 185 282 230 327 299 162 243 107 358 193 424 211
388 78 128 48 444 236 288 239 362 226 451 86 423 378 81 332 337 369 115 87 140 206 440 106 152 131 329 295 228 383 273 375 407 73 175 55 163 121 60 124 94 397 209 224 359 313 443 99 430 83 274 406 409 305 301 308 120 43 441 114 58 44 402 328 132 431 143 192 435 260 159 299 190 335 336 372 398 195 279 207 186 156 282 63 77 144 450 47 294 339 231 284 46 250 387 322 268 285 205 276 391
247 123 407 297 317 415 223 450 272 303 205 168 183 179 191 175 45 419 375 37 273 345 187 116 274 327 132 207 51 431 79 114 127 218 250 365 406 381 143 414 83 170 167 235 70 282 185 391 130 153 173 456 88 50 38 445 145 48 430 387 146 253 136 239 300 301 252 204 217 451 241 305 57 299 245 389 121 422 357 332 44 35 240 337 258 356 152 383 278 234 380 60 340 325 142 264 446 163 71 81 251
402 215 399 420 407 398 395 440 41 452 403 235 56 47 364 295 270 339 284 443 176 414 450 230 106 168 71 326 132 58 394 164 55 356 38 247 108 170 442 203 189 346 167 192 178 221 165 327 405 237 138 390 310 136 81 292 209 157 363 446 312 109 410 413 304 40 273 411 218 195 69 130 91 169 359 126 82 375 90 216 447 75 36 353 185 298 87 220 393 294 73 125 449 250 196 251 288 101 441 302 338
131 165 44 47 272 315 79 345 229 433 367 385 81 128 233 412 228 77 92 413 156 449 376 438 41 78 72 213 391 56 341 136 415 106 446 426 398 427 215 230 148 416 144 309 142 235 435 307 201 264 59 322 134 234 212 170 112 328 406 335 443 103 51 182 66 65 257 294 389 430 425 417 451 380 146 185 85 208 454 95 305 308 109 84 353 423 224 198 258 117 330 71 240 211 62 442 89 360 54 110 387
264 296 330 239 257 421 416 99 451 294 392 72 107 63 431 140 427 346 290 237 234 362 247 255 306 404 364 403 199 442 138 119 91 276 254 57 284 79 445 105 273 83 399 308 354 304 154 212 236 198 73 358 229 389 165 144 92 68 278 187 413 434 387 193 169 74 351 173 249 245 122 178 288 428 49 166 109 149 81 417 424 272 338 108 297 65 226 145 439 125 58 207 202 395 454 170 385 302 181 230 38
373 319 263 424 201 143 170 421 69 50 209 153 181 67 135 165 169 53 259 282 111 439 192 175 328 82 418 171 380 213 407 199 261 279 376 138 242 222 270 151 285 348 423 257 236 188 305 343 402 157 271 247 152 430 173 76 410 310 391 448 359 84 240 290 404 324 180 336 318 427 292 306 379 315 44 317 187 94 415 255 419 128 80 195 68 160 147 303 454 167 253 382 174 416 204 166 74 433 78 121 101
188 226 358 215 203 362 289 110 93 160 371 440 250 189 157 385 248 54 422 225 431 284 397 75 320 391 58 302 119 53 92 367 139 224 143 401 99 57 276 283 359 325 290 60 210 450 409 104 40 51 443 100 120 345 174 342 117 309 286 149 181 213 254 233 265 263 35 245 158 186 408 327 389 322 357 46 185 452 285 301 388 180 39 69 147 372 182 76 268 241 344 193 364 337 369 317 282 259 348 78 131
61 348 92 57 359 423 352 48 276 403 246 98 404 442 278 315 36 218 220 249 135 138 262 286 58 141 184 115 62 394 292 285 326 303 279 122 342 201 317 85 208 331 256 269 450 300 380 365 325 55 227 247 252 152 207 435 239 333 322 167 425 148 345 318 275 197 194 412 223 434 68 432 291 304 90 35 265 182 162 354 161 65 446 399 89 41 171 243 422 142 87 219 228 335 209 376 60 250 364 330 261
337 422 236 184 436 244 203 448 416 160 182 268 61 72 258 297 307 170 56 412 353 40 371 306 222 101 248 234 367 118 269 256 71 44 94 322 285 396 303 64 97 217 77 214 53 189 277 147 144 131 430 450 150 201 443 187 267 218 95 247 423 452 318 447 301 261 456 282 215 320 68 153 128 129 410 205 107 289 333 415 105 55 98 121 388 324 420 196 228 375 169 357 331 112 334 42 437 409 139 455 240
157 259 412 108 61 56 278 345 148 274 355 410 348 455 75 365 145 432 112 60 138 408 247 291 335 117 316 141 421 435 255 347 177 207 359 262 292 361 346 349 216 301 185 169 307 391 257 430 397 447 248 358 250 258 175 193 147 286 407 417 214 86 67 116 420 38 150 81 155 373 62 319 88 336 337 366 372 222 254 103 381 223 105 320 238 90 57 444 350 95 98 153 441 92 174 363 180 186 123 121 137
201 143 366 104 340 293 417 96 65 218 282 383 72 381 118 455 264 284 162 306 414 309 249 207 74 164 231 386 423 444 76 323 421 127 138 229 274 126 202 351 181 324 365 289 117 317 266 330 120 395 443 440 448 328 288 85 171 419 253 233 373 451 52 189 188 77 194 79 387 335 384 47 357 173 131 210 187 382 59 240 329 246 378 412 230 166 397 154 46 347 407 41 223 398 380 327 408 388 101 431 212
84 324 77 70 122 426 437 271 261 112 116 223 134 311 69 455 257 155 405 207 388 148 423 204 382 198 146 98 228 434 79 210 125 430 283 270 278 258 172 346 299 328 448 375 226 53 403 336 359 182 305 114 445 105 222 192 227 301 349 164 217 268 47 341 387 86 306 41 211 185 174 189 81 320 71 307 385 238 119 56 400 250 265 128 333 193 394 246 199 242 130 248 173 51 272 115 427 441 252 418 89
159 223 104 447 254 357 142 35 98 65 120 63 435 141 317 229 263 79 432 181 230 137 366 437 176 107 331 419 378 170 283 72 268 369 234 288 211 345 200 259 206 109 136 306 56 276 157 300 71 101 145 385 106 442 282 222 338 182 401 112 355 119 190 390 319 204 210 167 226 257 433 249 57 411 168 452 454 297 173 44 127 143 449 83 344 220 207 256 423 328 149 62 78 285 129 174 272 309 164 340 203
280 108 322 185 38 368 76 240 85 219 132 139 262 130 380 222 325 427 89 218 283 110 233 372 307 64 195 143 383 444 122 434 392 435 176 379 101 438 384 209 265 117 249 436 274 88 236 58 314 344 46 148 353 80 261 119 162 451 131 166 121 99 270 449 107 415 405 96 266 165 418 342 447 53 210 238 337 455 81 105 41 207 196 239 363 245 320 301 285 231 390 60 347 147 326 161 179 381 378 40 171
417 164 149 122 326 291 83 147 375 80 412 404 255 215 299 257 269 286 205 195 271 367 298 248 446 265 48 106 227 420 56 177 253 167 184 423 142 409 424 284 428 175 342 214 407 127 300 203 241 429 274 35 185 212 236 225 406 206 267 372 365 421 119 386 287 441 148 293 264 183 301 131 444 89 316 192 333 202 200 304 381 138 411 426 239 368 154 107 213 179 302 431 390 321 115 42 277 222 392 58 47
325 88 118 267 156 50 212 191 247 126 273 432 265 129 384 54 288 45 51 195 314 139 134 451 87 233 365 448 155 106 438 114 173 128 116 374 287 216 368 423 264 78 199 175 453 292 282 221 252 404 39 316 413 249 303 437 92 37 112 251 411 443 293 160 312 301 219 280 196 248 193 246 43 123 101 117 318 332 83 74 138 291 113 213 386 373 170 255 359 127 77 452 277 268 70 371 172 231 73 162 96
404 438 415 414 227 62 103 123 354 199 186 46 363 428 253 393 69 417 211 391 54 157 394 124 331 277 63 364 122 141 154 343 380 374 47 233 148 387 314 133 142 332 241 291 280 127 221 302 52 431 347 392 401 44 413 237 304 101 193 120 339 435 226 390 130 292 65 379 270 169 228 362 289 327 207 427 434 68 88 412 274 320 190 383 254 177 35 361 112 50 176 139 275 355 64 384 179 311 39 153 184
211 302 425 91 290 297 455 249 110 175 43 407 451 95 239 89 112 432 287 324 277 160 72 276 187 376 234 300 412 240 422 392 84 155 337 353 311 60 209 237 304 428 136 238 105 285 96 164 373 379 157 176 77 387 368 310 430 188 314 39 51 93 366 342 168 341 220 38 424 146 398 141 128 331 357 165 280 360 433 198 243 374 340 328 228 183 270 50 204 269 409 365 282 363 158 325 393 429 383 382 117
77 173 111 127 161 407 211 225 285 330 71 263 126 391 383 204 196 140 171 303 449 305 98 119 336 117 346 360 102 454 86 160 413 54 165 166 237 357 353 295 431 135 260 415 319 106 409 340 297 369 73 362 137 439 394 373 147 141 417 455 208 205 223 217 308 131 418 255 191 233 436 332 271 337 382 158 315 296 200 72 189 427 314 88 274 347 81 221 266 321 60 246 250 50 269 404 220 387 432 435 96
356 311 455 373 49 314 337 329 203 299 125 227 112 328 130 71 193 347 310 309 433 380 302 370 306 288 62 339 293 447 419 117 188 392 290 420 412 264 316 407 166 51 37 229 421 242 152 442 249 297 257 164 440 405 349 84 211 276 35 358 52 209 109 254 312 91 128 72 89 277 432 75 294 348 64 60 69 179 78 41 368 418 409 313 417 333 269 65 205 225 446 422 80 47 184 252 224 111 39 335 68
224 405 383 159 84 255 166 219 44 384 125 59 302 205 358 138 60 217 295 331 163 198 37 301 443 233 323 317 272 293 404 361 63 170 83 268 216 209 400 429 126 182 178 167 440 203 276 132 119 290 365 191 387 58 447 86 294 282 347 430 236 187 234 38 69 164 185 247 173 389 401 113 319 324 36 264 168 445 122 139 305 346 50 52 299 162 413 87 57 261 270 73 105 43 287 235 316 422 115 61 137
254 207 82 341 354 48 439 150 209 420 205 271 455 54 64 221 44 90 311 398 189 433 323 303 175 450 156 236 217 275 158 226 126 314 185 359 443 322 133 214 53 139 218 85 267 111 206 97 326 230 149 429 268 383 328 155 249 208 369 388 336 347 370 144 169 232 324 375 413 190 40 451 56 332 440 447 237 290 405 272 250 424 448 294 244 67 98 261 408 243 391 442 422 145 312 394 93 295 279 225 148
409 307 377 259 88 322 337 394 389 195 62 216 369 456 291 278 361 138 116 229 437 439 315 121 253 75 440 111 61 237 84 448 96 139 178 157 219 168 231 117 410 397 198 224 83 244 71 399 99 250 246 90 210 51 395 63 451 110 114 206 251 302 354 155 335 226 412 347 179 280 277 391 306 93 128 388 373 177 42 40 227 39 444 406 245 64 236 269 205 209 97 156 351 135 127 240 375 313 267 304 452
109 285 110 368 49 35 174 334 158 344 350 314 74 336 449 315 374 296 209 134 412 142 417 423 377 365 274 102 328 112 432 435 99 48 238 338 438 230 398 124 455 138 384 424 267 125 441 243 170 140 183 372 187 97 271 272 79 353 445 189 218 188 403 242 207 206 232 437 448 62 269 387 246 166 103 227 222 389 264 244 430 69 367 289 73 106 200 300 434 154 385 309 178 195 139 277 240 215 330 388 108
349 304 112 153 63 420 276 430 110 417 196 246 404 104 423 250 329 412 88 370 311 235 224 175 75 241 368 168 242 109 172 119 447 107 273 371 438 218 64 56 238 332 187 284 433 362 89 321 257 308 35 355 360 177 310 215 317 262 48 167 100 54 41 123 372 272 401 335 283 347 419 71 383 254 441 50 36 330 171 96 255 194 449 352 245 298 195 394 324 406 263 102 251 244 145 390 275 247 130 69 205
73 329 213 184 381 335 148 124 210 171 373 323 281 341 176 264 332 390 216 414 285 35 115 355 309 408 352 132 260 436 325 429 327 334 299 284 305 412 331 370 247 52 239 437 273 433 442 446 291 411 56 391 75 297 441 36 57 192 449 182 413 172 353 320 455 161 51 342 183 315 424 397 267 358 237 223 274 188 105 68 160 154 312 122 385 131 271 440 389 93 219 348 415 164 252 359 402 418 201 76 269
401 74 174 367 279 217 334 119 341 394 185 182 306 431 117 114 186 247 57 133 43 350 61 271 146 175 281 255 292 72 212 81 386 437 432 339 340 202 106 184 300 76 343 192 80 107 73 422 409 96 44 55 376 398 87 287 241 138 435 93 68 354 321 337 193 360 297 250 89 272 288 71 280 143 446 311 188 419 234 226 245 125 412 135 326 417 167 158 56 323 362 180 389 231 228 172 248 131 373 425 36
416 187 86 355 439 384 107 288 68 91 353 140 440 64 120 375 189 455 112 76 137 77 324 354 121 346 280 287 445 383 161 410 172 330 315 308 370 198 294 229 325 421 262 38 46 50 317 361 44 252 376 270 92 182 275 422 124 49 139 365 310 115 132 175 328 150 426 423 437 40 194 251 429 183 285 443 356 126 321 393 87 305 327 142 316 230 201 58 72 413 345 433 388 359 225 233 382 374 48 313 173
233 271 270 91 172 139 101 186 262 62 369 209 429 114 401 419 127 317 197 168 158 163 389 189 277 282 366 304 452 296 446 361 93 116 357 95 51 176 141 96 367 436 375 75 77 306 100 333 78 138 388 220 314 438 310 152 258 131 146 205 117 119 320 283 434 243 255 427 456 166 376 149 412 323 199 263 400 432 206 234 73 322 211 257 415 222 289 450 382 237 353 204 225 136 191 90 160 53 58 286 351
159 293 330 312 441 115 73 145 323 380 415 128 142 303 410 430 154 139 443 132 116 191 71 221 98 235 292 279 324 407 83 60 427 180 46 214 229 147 326 344 113 130 428 51 133 220 377 136 355 275 160 287 371 124 286 68 153 354 253 37 155 294 66 211 201 263 340 134 299 445 302 52 451 448 245 148 401 334 364 89 100 382 95 41 328 204 92 389 433 192 438 131 288 90 296 120 85 321 272 456 101
449 133 79 166 315 57 252 196 425 112 351 99 195 39 42 350 54 413 139 187 94 419 430 260 375 150 439 48 55 120 123 237 47 383 310 450 270 448 397 193 334 392 49 113 241 332 321 456 200 326 261 311 330 296 188 58 157 367 198 132 455 298 60 250 152 339 290 183 197 427 204 246 424 262 292 297 400 258 77 177 165 279 245 192 441 202 255 381 434 38 67 148 362 89 374 231 75 366 63 59 85
266 293 390 220 228 219 57 439 310 294 276 332 377 78 403 211 54 247 376 165 323 288 365 406 79 374 55 348 308 243 250 69 306 311 411 343 245 236 195 41 185 37 66 127 417 144 259 47 156 123 75 434 261 415 289 331 359 207 58 340 113 432 52 177 229 138 232 375 151 234 209 453 133 378 183 192 82 285 222 262 155 363 271 85 73 269 94 225 282 449 86 321 455 83 401 40 431 437 182 356 414
164 41 364 171 445 369 326 279 409 431 152 98 85 309 416 308 404 145 190 154 203 336 35 183 440 422 95 293 335 377 261 379 363 321 208 129 366 383 275 144 147 93 438 153 200 248 382 196 210 349 340 267 62 229 357 281 347 389 330 425 312 387 92 426 295 69 277 57 87 123 257 72 172 142 160 73 381 206 219 49 413 42 274 316 450 256 84 237 327 106 278 167 304 99 94 91 351 443 120 374 444
383 175 71 104 163 256 426 380 218 101 274 358 224 178 223 220 403 288 50 303 307 430 367 413 330 360 181 376 82 432 400 341 225 273 46 96 392 377 382 338 140 452 240 296 51 79 375 433 280 334 78 183 454 113 144 260 349 379 67 374 122 282 234 308 230 189 262 134 182 299 156 157 72 90 176 395 159 184 394 195 199 267 56 416 42 232 423 70 300 450 275 154 83 147 43 411 124 54 350 180 373
113 92 151 224 399 392 349 320 316 387 107 432 311 347 115 161 372 210 409 121 222 384 169 88 420 86 135 267 451 261 250 391 450 287 353 195 209 270 265 453 187 166 277 382 289 298 418 45 78 375 321 208 149 155 205 456 385 383 96 286 274 216 361 201 72 246 319 408 357 66 258 397 275 296 36 259 427 322 58 80 177 300 331 37 90 364 443 227 243 354 280 252 118 219 109 188 333 64 218 138 101
427 400 189 404 368 76 201 151 67 91 139 136 114 132 171 347 330 299 145 308 294 445 215 83 395 363 418 103 318 68 361 63 248 420 340 205 374 242 133 207 300 415 176 285 95 141 206 370 220 320 109 336 116 360 156 407 234 292 121 247 40 236 49 92 338 208 65 165 160 387 367 257 290 384 434 196 110 154 272 277 438 413 377 72 125 314 334 106 123 373 405 444 399 102 424 255 268 337 226 230 187